-7.0,-22.0,0.07290755322249096,1.6057029118347832,0.0
-7.001836049794392,-21.95003374986395,0.07290755322249096,1.6093482894959088,0.05
-7.003854232838008,-21.900074524802825,0.07290755322279896,1.6129936671570346,0.1
-7.006054522311692,-21.850122988712954,0.07290755322236454,1.6166390448181602,0.15000000000000002
-7.008436888976317,-21.80017980538849,0.07290755322233379,1.620284422479286,0.2
-7.011001301173175,-21.750245638512588,0.07290755322251426,1.6239298001404117,0.25
-7.013747724824398,-21.700321151648588,0.07290755322288135,1.6275751778015373,0.3
-7.016676123433414,-21.65040700823119,0.07290755322217157,1.631220555462663,0.35
-7.019786458085424,-21.60050387155765,0.07290755322250722,1.6348659331237887,0.39999999999999997
-7.023078687447926,-21.550612404778946,0.07290755322263234,1.6385113107849145,0.44999999999999996
-7.026552767771264,-21.500733270890986,0.07290755322300134,1.6421566884460401,0.49999999999999994
-7.030208652889206,-21.450867132725797,0.07290755322138644,1.6458020661071657,0.5499999999999999
-7.034046294219555,-21.401014652942685,0.07290755322304915,1.6494474437682916,0.6
-7.038065640764808,-21.351176494019477,0.07290755322303108,1.6530928214294172,0.65
-7.0422666391128175,-21.30135331824368,0.07290755322138161,1.656738199090543,0.7000000000000001
-7.046649233437506,-21.2515457877037,0.072907553224113,1.6603835767516686,0.7500000000000001
-7.0512133654996205,-21.20175456428004,0.07290755322106729,1.6640289544127942,0.8000000000000002
-7.055958974647482,-21.151980309636482,0.07290755322285387,1.66767433207392,0.8500000000000002
-7.060885997817817,-21.10222368521134,0.07290755322324663,1.6713197097350456,0.9000000000000002
-7.065994369536579,-21.052485352208627,0.07290755322186367,1.6749650873961714,0.9500000000000003
-7.071284021919822,-21.002765971589294,0.07290755322241105,1.678610465057297,1.0000000000000002
-7.076754884674607,-20.953066204062434,0.07290755322261418,1.6822558427184227,1.0500000000000003
-7.082406885099933,-20.903386710076504,0.07290755322292093,1.6859012203795485,1.1000000000000003
-7.088239948087702,-20.85372814981056,0.07290755322217822,1.689546598040674,1.1500000000000004
-7.09425399612372,-20.804091183165465,0.07290755322220097,1.6931919757018,1.2000000000000004
-7.1004489492887215,-20.754476469755136,0.07290755322352252,1.6968373533629255,1.2500000000000004
-7.106824725259444,-20.704884668897765,0.07290755322151003,1.7004827310240513,1.3000000000000005
-7.113381239309702,-20.655316439607073,0.07290755322299447,1.704128108685177,1.3500000000000005
-7.120118404311534,-20.605772440583543,0.07290755322203721,1.7077734863463025,1.4000000000000006
-7.127036130736346,-20.556253330205656,0.07290755322291001,1.7114188640074284,1.4500000000000006
-7.134134326656107,-20.50675976652117,0.0729075532225678,1.715064241668554,1.5000000000000007
-7.141412897744571,-20.457292407238345,0.07290755322234152,1.7187096193296798,1.5500000000000007
-7.148871747278526,-20.407851909717227,0.07290755322288285,1.7223549969908054,1.6000000000000008
-7.156510776139085,-20.358438930960897,0.07290755322177168,1.7260003746519312,1.6500000000000008
-7.164329882812997,-20.309054127606753,0.07290755322290492,1.7296457523130568,1.7000000000000008
-7.172328963394006,-20.259698155917764,0.07290755322276096,1.7332911299741824,1.7500000000000009
-7.180507911584219,-20.21037167177377,0.07290755322201921,1.7369365076353083,1.800000000000001
-7.188866618695527,-20.16107533066276,0.07290755322347542,1.7405818852964339,1.850000000000001
-7.19740497365105,-20.111809787672154,0.07290755322130621,1.7442272629575597,1.900000000000001
-7.206122862986603,-20.062575697480106,0.07290755322327189,1.7478726406186853,1.950000000000001
-7.2150201708522195,-20.013373714346802,0.07290755322228804,1.751518018279811,2.000000000000001
-7.224096779013678,-19.964204492105758,0.07290755322244481,1.7551633959409367,2.0500000000000007
-7.2333525668540775,-19.91506868415515,0.0729075532225792,1.7588087736020623,2.1000000000000005
-7.242787411375443,-19.865966943449106,0.07290755322240813,1.762454151263188,2.1500000000000004
-7.2524011872003555,-19.816899922489053,0.07290755322295088,1.7660995289243138,2.2
-7.262193766573622,-19.767868273315035,0.0729075532220187,1.7697449065854394,2.25
-7.272165019363968,-19.718872647497044,0.07290755322283723,1.773390284246565,2.3
-7.282314813065776,-19.669913696126365,0.07290755322201892,1.7770356619076908,2.3499999999999996
-7.292643012800833,-19.62099206980693,0.07290755322278575,1.7806810395688164,2.3999999999999995
-7.303149481320139,-19.572108418646664,0.07290755322287466,1.784326417229942,2.4499999999999993
-7.313834079005716,-19.52326339224885,0.07290755322210245,1.7879717948910678,2.499999999999999
-7.32469666387247,-19.474457639703495,0.07290755322291943,1.7916171725521934,2.549999999999999
-7.335737091570081,-19.42569180957871,0.07290755322242695,1.795262550213319,2.5999999999999988
-7.346955215384915,-19.376966549912076,0.07290755322219822,1.7989079278744449,2.6499999999999986
-7.358350886241975,-19.328282508202054,0.0729075532221152,1.8025533055355705,2.6999999999999984
-7.369923952706886,-19.27964033139936,0.07290755322355842,1.806198683196696,2.7499999999999982
-7.381674260987907,-19.231040665898384,0.07290755322202344,1.809844060857822,2.799999999999998
-7.3936016549379655,-19.18248415752859,0.07290755322214576,1.8134894385189475,2.849999999999998
-7.405705976056744,-19.13397145154594,0.07290755322324276,1.817134816180073,2.8999999999999977
-7.417987063492784,-19.08550319262431,0.07290755322215264,1.820780193841199,2.9499999999999975
-7.430444754045613,-19.037080024846937,0.07290755322241334,1.8244255715023245,2.9999999999999973
-7.443078882167931,-18.988702591697844,0.07290755322240255,1.8280709491634504,3.049999999999997
-7.455889279967792,-18.940371536053313,0.0729075532225751,1.831716326824576,3.099999999999997
-7.468875777210852,-18.892087500173307,0.07290755322280534,1.8353617044857016,3.149999999999997
-7.482038201322618,-18.843851125692968,0.07290755322260979,1.8390070821468272,3.1999999999999966
-7.495376377390751,-18.795663053614064,0.0664607975028586,1.842652459807953,3.2499999999999964
-7.508874614600097,-18.747519555881134,0.012240557378179705,1.8447648388605864,3.2999999999999963
-7.5224023177348265,-18.699384316732473,0.0,1.8447648388605864,3.349999999999996
-7.535930020869556,-18.651249077583813,3.8510861166686905e-13,1.8447648388605864,3.399999999999996
-7.549457724004286,-18.603113838435156,-7.26849136434321e-13,1.8447648388605864,3.4499999999999957
-7.562985427139015,-18.554978599286496,6.852157730108003e-13,1.8447648388605864,3.4999999999999956
-7.576513130273746,-18.506843360137836,-2.983724378680247e-13,1.8447648388605864,3.5499999999999954
-7.590040833408475,-18.45870812098918,-4.33680868994225e-14,1.8447648388605864,3.599999999999995
-7.603568536543205,-18.41057288184052,0.0,1.8447648388605864,3.649999999999995
-7.6170962396779345,-18.36243764269186,3.8510861166686905e-13,1.8447648388605864,3.699999999999995
-7.630623942812664,-18.314302403543202,-3.8510861166686905e-13,1.8447648388605864,3.7499999999999947
-7.644151645947394,-18.266167164394542,0.0,1.8447648388605864,3.7999999999999945
-7.657679349082124,-18.21803192524588,0.0,1.8447648388605864,3.8499999999999943
-7.671207052216854,-18.16989668609722,0.0,1.8447648388605864,3.899999999999994
-7.684734755351584,-18.12176144694856,3.8510861166686905e-13,1.8447648388605864,3.949999999999994
-7.6982624584863135,-18.073626207799904,-7.26849136434321e-13,1.8447648388605864,3.999999999999994
-7.7117901616210425,-18.025490968651244,6.852157730108003e-13,1.8447648388605864,4.049999999999994
-7.725317864755773,-17.977355729502584,-2.983724378680247e-13,1.8447648388605864,4.099999999999993
-7.738845567890502,-17.929220490353927,3.4174052476748436e-13,1.8447648388605864,4.149999999999993
-7.752373271025232,-17.88108525120527,-7.702172233336589e-13,1.8447648388605864,4.199999999999993
-7.765900974159962,-17.832950012056607,7.684824998576822e-13,1.8447648388605864,4.249999999999993
-7.779428677294692,-17.78481477290795,-3.8510861166686905e-13,1.8447648388605864,4.299999999999993
-7.7929563804294215,-17.73667953375929,0.0,1.8447648388605864,4.3499999999999925
-7.806484083564151,-17.68854429461063,3.8510861166686905e-13,1.8447648388605864,4.399999999999992
-7.820011786698881,-17.640409055461973,-3.8510861166686905e-13,1.8447648388605864,4.449999999999992
-7.833539489833611,-17.592273816313313,3.8510861166686905e-13,1.8447648388605864,4.499999999999992
-7.847067192968341,-17.544138577164656,-7.26849136434321e-13,1.8447648388605864,4.549999999999992
-7.86059489610307,-17.496003338015996,3.4347524824339094e-13,1.8447648388605864,4.599999999999992
-7.8741225992378,-17.447868098867335,0.0,1.8447648388605864,4.6499999999999915
-7.8876503023725295,-17.399732859718675,3.8510861166686905e-13,1.8447648388605864,4.699999999999991
-7.901178005507259,-17.35159762057002,-3.8510861166686905e-13,1.8447648388605864,4.749999999999991
-7.914705708641989,-17.303462381421358,0.0,1.8447648388605864,4.799999999999991
-7.928233411776719,-17.255327142272698,3.8510861166686905e-13,1.8447648388605864,4.849999999999991
-7.941761114911449,-17.20719190312404,-3.8510861166686905e-13,1.8447648388605864,4.899999999999991
-7.955288818046179,-17.15905666397538,0.0,1.8447648388605864,4.94999999999999
-7.9688165211809086,-17.11092142482672,3.8510861166686905e-13,1.8447648388605864,4.99999999999999
-7.982344224315638,-17.062786185678064,-3.8510861166686905e-13,1.8447648388605864,5.04999999999999
-7.995871927450368,-17.014650946529404,-3.4174052476741424e-13,1.8447648388605864,5.09999999999999
-8.009399630585097,-16.966515707380744,1.068589661201763e-12,1.8447648388605864,5.14999999999999
-8.022927333719828,-16.918380468232087,-1.068589661201763e-12,1.8447648388605864,5.1999999999999895
-8.036455036854557,-16.870245229083427,6.852157730108003e-13,1.8447648388605864,5.249999999999989
-8.049982739989288,-16.822109989934766,-2.983724378680247e-13,1.8447648388605864,5.299999999999989
-8.063510443124017,-16.77397475078611,-3.8510861166687465e-13,1.8447648388605864,5.349999999999989
-8.077038146258745,-16.72583951163745,6.852157730108003e-13,1.8447648388605864,5.399999999999989
-8.090565849393476,-16.67770427248879,-2.983724378680247e-13,1.8447648388605864,5.449999999999989
-8.104093552528205,-16.629569033340132,2.983724378680247e-13,1.8447648388605864,5.4999999999999885
-8.117621255662936,-16.581433794191472,-6.834810495348236e-13,1.8447648388605864,5.549999999999988
-8.131148958797665,-16.533298555042812,1.068589661201763e-12,1.8447648388605864,5.599999999999988
-8.144676661932396,-16.485163315894155,-1.068589661201763e-12,1.8447648388605864,5.649999999999988
-8.158204365067125,-16.437028076745495,6.852157730108003e-13,1.8447648388605864,5.699999999999988
-8.171732068201855,-16.388892837596835,-2.983724378680247e-13,1.8447648388605864,5.749999999999988
-8.185259771336584,-16.340757598448178,2.983724378680247e-13,1.8447648388605864,5.799999999999987
-8.198787474471315,-16.292622359299518,-6.834810495348236e-13,1.8447648388605864,5.849999999999987
-8.212315177606044,-16.244487120150858,1.068589661201763e-12,1.8447648388605864,5.899999999999987
-8.225842880740775,-16.1963518810022,-1.068589661201763e-12,1.8447648388605864,5.949999999999987
-8.239370583875504,-16.14821664185354,0.0,1.8447648388605864,5.999999999999987
-8.252898287010233,-16.10008140270488,1.068589661201763e-12,1.8447648388605864,6.0499999999999865
-8.266425990144963,-16.051946163556224,-1.068589661201763e-12,1.8447648388605864,6.099999999999986
-8.279953693279692,-16.003810924407563,6.852157730108003e-13,1.8447648388605864,6.149999999999986
-8.293481396414423,-15.955675685258903,-6.834810495348236e-13,1.8447648388605864,6.199999999999986
-8.307009099549152,-15.907540446110243,1.068589661201763e-12,1.8447648388605864,6.249999999999986
-8.320536802683883,-15.859405206961586,-1.068589661201763e-12,1.8447648388605864,6.299999999999986
-8.334064505818612,-15.811269967812926,0.0,1.8447648388605864,6.349999999999985
-8.34759220895334,-15.763134728664266,8.760353553682832e-13,1.8447648388605864,6.399999999999985
-8.361119912088071,-15.714999489515607,-6.834810495348938e-13,1.8447648388605864,6.449999999999985
-8.3746476152228,-15.666864250366949,4.909267437014341e-13,1.8447648388605864,6.499999999999985
-8.388175318357531,-15.618729011218289,-4.909267437014341e-13,1.8447648388605864,6.549999999999985
-8.40170302149226,-15.57059377206963,6.834810495348938e-13,1.8447648388605864,6.5999999999999845
-8.41523072462699,-15.522458532920972,-8.760353553682832e-13,1.8447648388605864,6.649999999999984
-8.42875842776172,-15.474323293772311,8.760353553682832e-13,1.8447648388605864,6.699999999999984
-8.44228613089645,-15.426188054623653,-6.834810495348938e-13,1.8447648388605864,6.749999999999984
-8.45581383403118,-15.378052815474994,4.909267437014341e-13,1.8447648388605864,6.799999999999984
-8.46934153716591,-15.329917576326334,-6.834810495348236e-13,1.8447648388605864,6.849999999999984
-8.482869240300639,-15.281782337177674,3.8337388819089774e-13,1.8447648388605864,6.8999999999999835
-8.496396943435368,-15.233647098029017,2.983724378680247e-13,1.8447648388605864,6.949999999999983
-8.509924646570099,-15.185511858880357,0.0,1.8447648388605864,6.999999999999983
-8.52345234970483,-15.137376619731697,-2.983724378680247e-13,1.8447648388605864,7.049999999999983
-8.536980052839558,-15.08924138058304,-3.8510861166687465e-13,1.8447648388605864,7.099999999999983
-8.550507755974287,-15.04110614143438,6.852157730108003e-13,1.8447648388605864,7.149999999999983
-8.564035459109018,-14.99297090228572,-2.983724378680247e-13,1.8447648388605864,7.199999999999982
-8.577563162243747,-14.944835663137063,2.983724378680247e-13,1.8447648388605864,7.249999999999982
-8.591090865378478,-14.896700423988403,-6.834810495348236e-13,1.8447648388605864,7.299999999999982
-8.604618568513207,-14.848565184839742,1.068589661201763e-12,1.8447648388605864,7.349999999999982
-8.618146271647937,-14.800429945691086,-1.068589661201763e-12,1.8447648388605864,7.399999999999982
-8.631673974782666,-14.752294706542425,0.0,1.8447648388605864,7.4499999999999815
-8.645201677917395,-14.704159467393765,8.760353553682832e-13,1.8447648388605864,7.499999999999981
-8.658729381052126,-14.656024228245107,-6.834810495348938e-13,1.8447648388605864,7.549999999999981
-8.672257084186855,-14.607888989096448,4.909267437014341e-13,1.8447648388605864,7.599999999999981
-8.685784787321586,-14.559753749947788,-4.909267437014341e-13,1.8447648388605864,7.649999999999981
-8.699312490456315,-14.51161851079913,6.834810495348938e-13,1.8447648388605864,7.699999999999981
-8.712840193591045,-14.463483271650471,-8.760353553682832e-13,1.8447648388605864,7.7499999999999805
-8.726367896725774,-14.41534803250181,8.760353553682832e-13,1.8447648388605864,7.79999999999998
-8.739895599860505,-14.367212793353152,-6.834810495348938e-13,1.8447648388605864,7.84999999999998
-8.753423302995234,-14.319077554204494,-0.002493336866400777,1.8447648388605864,7.89999999999998
-8.766945004726006,-14.270940630506885,-0.05302785150237534,1.8438114682742124,7.94999999999998
-8.780339022206556,-14.222768049849044,-0.07290755322296119,1.8401660906130868,7.99999999999998
-8.793557343831665,-14.174546963124243,-0.07290755322219604,1.8365207129519612,8.04999999999998
-8.806599793946184,-14.126278011131102,-0.07290755322343762,1.8328753352908354,8.09999999999998
-8.819466199232073,-14.077961835304313,-0.07290755322215088,1.8292299576297095,8.14999999999998
-8.832156388710716,-14.029599077706118,-0.0729075532217103,1.825584579968584,8.199999999999982
-8.84467019374519,-13.981190381017763,-0.07290755322309998,1.821939202307458,8.249999999999982
-8.857007448042491,-13.932736388530975,-0.07290755322220473,1.8182938246463323,8.299999999999983
-8.869167987655768,-13.884237744139408,-0.07290755322330966,1.8146484469852067,8.349999999999984
-8.881151650986482,-13.835695092330077,-0.07290755322248739,1.8110030693240808,8.399999999999984
-8.892958278786566,-13.787109078174806,-0.07290755322123932,1.807357691662955,8.449999999999985
-8.904587714160536,-13.738480347321655,-0.07290755322344203,1.8037123140018294,8.499999999999986
-8.916039802567573,-13.689809545986323,-0.07290755322266536,1.8000669363407036,8.549999999999986
-8.92731439182358,-13.641097320943588,-0.07290755322198635,1.796421558679578,8.599999999999987
-8.938411332103211,-13.59234431951869,-0.07290755322297929,1.7927761810184522,8.649999999999988
-8.949330475941846,-13.543551189578736,-0.07290755322207233,1.7891308033573263,8.699999999999989
-8.960071678237565,-13.4947185795241,-0.07290755322242772,1.7854854256962007,8.74999999999999
-8.970634796253071,-13.445847138279788,-0.0729075532232798,1.781840048035075,8.79999999999999
-8.981019689617584,-13.396937515286826,-0.07290755322244188,1.778194670373949,8.84999999999999
-8.991226220328713,-13.347990360493636,-0.07290755322146686,1.7745492927128235,8.899999999999991
-9.001254252754286,-13.299006324347383,-0.07290755322326607,1.7709039150516976,8.949999999999992
-9.011103653634148,-13.249986057785343,-0.07290755322199532,1.767258537390572,8.999999999999993
-9.020774292081942,-13.200930212226245,-0.07290755322344997,1.7636131597294462,9.049999999999994
-9.030266039586836,-13.151839439561627,-0.07290755322194846,1.7599677820683204,9.099999999999994
-9.039578770015245,-13.102714392147163,-0.07290755322227023,1.7563224044071948,9.149999999999995
-9.048712359612496,-13.053555722793988,-0.07290755322343165,1.752677026746069,9.199999999999996
-9.057666687004474,-13.004364084760036,-0.07290755322167392,1.7490316490849431,9.249999999999996
-9.066441633199242,-12.955140131741363,-0.07290755322251881,1.7453862714238175,9.299999999999997
-9.075037081588613,-12.905884517863434,-0.0729075532225323,1.7417408937626917,9.349999999999998
-9.083452917949707,-12.85659789767246,-0.07290755322240172,1.7380955161015659,9.399999999999999
-9.091689030446462,-12.807280926126689,-0.07290755322307374,1.7344501384404403,9.45
-9.099745309631126,-12.757934258587689,-0.07290755322265775,1.7308047607793144,9.5
-9.107621648445711,-12.708558550811663,-0.07290755322190876,1.7271593831181888,9.55
-9.115317942223415,-12.659154458940712,-0.07290755322282602,1.723514005457063,9.600000000000001
-9.122834088690006,-12.609722639494139,-0.0729075532224624,1.7198686277959372,9.650000000000002
-9.130169987965191,-12.560263749359706,-0.07290755322229853,1.7162232501348116,9.700000000000003
-9.137325542563941,-12.510778445784904,-0.07290755322232834,1.7125778724736858,9.750000000000004
-9.144300657397782,-12.461267386368238,-0.07290755322349624,1.70893249481256,9.800000000000004
-9.151095239776058,-12.411731229050472,-0.07290755322212909,1.7052871171514343,9.850000000000005
-9.157709199407176,-12.362170632105885,-0.07290755322125277,1.7016417394903085,9.900000000000006
-9.16414244839979,-12.312586254133533,-0.07290755322375676,1.6979963618291827,9.950000000000006
-9.17039490126397,-12.262978754048497,-0.0729075532225917,1.694350984168057,10.000000000000007
-9.17646647491235,-12.213348791073113,-0.07290755322187818,1.6907056065069312,10.050000000000008
-9.182357088661227,-12.163697024728226,-0.07290755322310427,1.6870602288458056,10.100000000000009
-9.188066664231624,-12.114024114824417,-0.07290755322196647,1.6834148511846798,10.15000000000001
-9.193595125750342,-12.064330721453247,-0.07290755322298757,1.679769473523554,10.20000000000001
-9.198942399750962,-12.014617504978471,-0.07290755322223036,1.6761240958624284,10.25000000000001
-9.204108415174826,-11.964885126027264,-0.07290755322241736,1.6724787182013026,10.300000000000011
-9.209093103371975,-11.915134245481457,-0.07290755322307053,1.6688333405401767,10.350000000000012
-9.213896398102065,-11.865365524468743,-0.0729075532219878,1.6651879628790511,10.400000000000013
-9.218518235535251,-11.815579624353878,-0.07290755322272763,1.6615425852179253,10.450000000000014
-9.222958554253026,-11.765777206729929,-0.07290755322254988,1.6578972075567997,10.500000000000014
-9.227217295249044,-11.715958933409443,-0.07290755322244206,1.6542518298956739,10.550000000000015
-9.231294401929905,-11.666125466415675,-0.07290755322267688,1.650606452234548,10.600000000000016
-9.235189820115899,-11.616277467973793,-0.07290755322196028,1.6469610745734224,10.650000000000016
-9.238903498041738,-11.566415600502056,-0.07290755322254869,1.6433156969122966,10.700000000000017
-9.242435386357233,-11.516540526603036,-0.07290755322356487,1.6396703192511708,10.750000000000018
-9.245785438127951,-11.4666529090548,-0.07290755322165257,1.6360249415900452,10.800000000000018
-9.248953608835853,-11.416753410802096,-0.07290755322281955,1.6323795639289194,10.85000000000002
-9.251939856379863,-11.366842694947564,-0.07290755322155093,1.6287341862677935,10.90000000000002
-9.254744141076447,-11.316921424742912,-0.0729075532238124,1.625088808606668,10.95000000000002
-9.257366425660123,-11.266990263580084,-0.07290755322221769,1.621443430945542,11.000000000000021
-9.259806675283976,-11.217049874982488,-0.07290755322168015,1.6177980532844165,11.050000000000022
-9.262064857520105,-11.167100922596132,-0.07290755322340371,1.6141526756232907,11.100000000000023
-9.264140942360058,-11.117144070180842,-0.07290755322241736,1.6105072979621649,11.150000000000023
-9.266034902215235,-11.067179981601416,-0.07290755322247157,1.6068619203010392,11.200000000000024
-9.267746711917253,-11.01720932081881,-0.07290755322213519,1.6032165426399134,11.250000000000025
-9.269276348718277,-10.96723275188133,-0.07290755322324466,1.5995711649787876,11.300000000000026
-9.270623792291323,-10.917250938915782,-0.07290755322223395,1.595925787317662,11.350000000000026
-9.271789024730534,-10.867264546118655,-0.072907553221707,1.5922804096565362,11.400000000000027
-9.272772030551414,-10.817274237747311,-0.07290755322316822,1.5886350319954103,11.450000000000028
-9.273572796691026,-10.767280678111142,-0.0729075532221492,1.5849896543342847,11.500000000000028
-9.274191312508181,-10.717284531562736,-0.07290755322324634,1.581344276673159,11.55000000000003
-9.274627569783567,-10.667286462489066,-0.07290755322188792,1.5776988990120333,11.60000000000003
-9.274881562719866,-10.617287135302652,-0.07290755322259596,1.5740535213509075,11.65000000000003
-9.274953287941825,-10.56728721443273,-0.07290755322341597,1.5704081436897817,11.700000000000031
-9.274842744496302,-10.51728736431643,-0.07290755322158761,1.566762766028656,11.750000000000032
-9.274549933852288,-10.467288249389936,-0.07290755322283021,1.5631173883675302,11.800000000000033
-9.274074859900871,-10.417290534079669,-0.07290755322208098,1.5594720107064044,11.850000000000033
-9.273417528955198,-10.367294882793448,-0.07290755322264894,1.5558266330452788,11.900000000000034
-9.272577949750383,-10.317301959911655,-0.07290755322234707,1.552181255384153,11.950000000000035
-9.271556133443397,-10.26731242977843,-0.07290755322278566,1.5485358777230271,12.000000000000036
-9.270352093612914,-10.217326956692819,-0.0729075532229074,1.5448905000619015,12.050000000000036
-9.268965846259134,-10.167346204899953,-0.07290755322232183,1.5412451224007757,12.100000000000037
-9.267397409803571,-10.117370838582232,-0.07290755322161063,1.53759974473965,12.150000000000038
-9.26564680508881,-10.067401521850476,-0.07290755322400558,1.5339543670785243,12.200000000000038
-9.263714055378216,-10.017438918735126,-0.0729075532214425,1.5303089894173985,12.250000000000039
-9.26159918635565,-9.967483693177401,-0.07290755322304329,1.5266636117562729,12.30000000000004
-9.2593022261251,-9.917536509020481,-0.07290755322247833,1.523018234095147,12.35000000000004
-9.256823205210333,-9.867598030000691,-0.07290755322210847,1.5193728564340212,12.400000000000041
-9.25416215655447,-9.817668919738672,-0.07290755322302217,1.5157274787728956,12.450000000000042
-9.251319115519555,-9.767749841730563,-0.07290755322230416,1.5120821011117698,12.500000000000043
-9.248294119886092,-9.717841459339194,-0.07290755322183141,1.5084367234506442,12.550000000000043
-9.245087209852532,-9.667944435785254,-0.07290755322374463,1.5047913457895183,12.600000000000044
-9.24169842803474,-9.618059434138493,-0.07290755322223497,1.5011459681283925,12.650000000000045
-9.23812781946544,-9.568187117308906,-0.07290755322168647,1.497500590467267,12.700000000000045
-9.234375431593607,-9.51832814803792,-0.07290755322271338,1.493855212806141,12.750000000000046
-9.230441314283834,-9.468483188889588,-0.07290755322288407,1.4902098351450153,12.800000000000047
-9.226325519815674,-9.418652902241792,-0.07290755322275451,1.4865644574838897,12.850000000000048
-9.222028102882948,-9.368837950277424,-0.07290755322241858,1.4829190798227638,12.900000000000048
-9.217549120593015,-9.319038994975607,-0.07290755322193268,1.479273702161638,12.950000000000049
-9.212888632466012,-9.269256698102886,-0.07290755322304637,1.4756283245005124,13.00000000000005
-9.20804670043406,-9.219491721204431,-0.07290755322253306,1.4719829468393866,13.05000000000005
-9.203023388840453,-9.169744725595256,-0.07290755322166531,1.468337569178261,13.100000000000051
-9.197818764438791,-9.12001637235142,-0.07290755322320583,1.4646921915171351,13.150000000000052
-9.192432896392095,-9.070307322301261,-0.07290755322219705,1.4610468138560093,13.200000000000053
-9.186865856271893,-9.020618236016587,-0.07290755322328946,1.4574014361948837,13.250000000000053
-9.181117718057264,-8.970949773803916,-0.07290755322202684,1.4537560585337579,13.300000000000054
-9.17518855813386,-8.921302595695705,-0.0729075532226077,1.450110680872632,13.350000000000055
-9.169078455292883,-8.871677361441565,-0.0729075532225374,1.4464653032115065,13.400000000000055
-9.162787490730047,-8.822074730499494,-0.07290755322174176,1.4428199255503806,13.450000000000056
-9.156315748044493,-8.772495362027136,-0.07290755322321889,1.4391745478892548,13.500000000000057
-9.149663313237678,-8.722939914872997,-0.07290755322241306,1.4355291702281292,13.550000000000058
-9.142830274712235,-8.673409047567691,-0.07290755322301055,1.4318837925670034,13.600000000000058
-9.135816723270798,-8.623903418315212,-0.07290755322194613,1.4282384149058778,13.650000000000059
-9.128622752114795,-8.574423684984156,-0.07290755322288166,1.424593037244752,13.70000000000006
-9.121248456843206,-8.524970505099,-0.07290755322150994,1.4209476595836261,13.75000000000006
-9.113693935451302,-8.475544535831366,-0.07290755322359345,1.4173022819225003,13.800000000000061
-9.105959288329325,-8.426146433991274,-0.07290755322250105,1.4136569042613747,13.850000000000062
-9.098044618261175,-8.376776856018415,-0.07290755322229794,1.4100115266002489,13.900000000000063
-9.089950030423033,-8.327436457973443,-0.07290755322188235,1.4063661489391233,13.950000000000063
-9.081675632381963,-8.27812589552924,-0.07290755322341488,1.4027207712779974,14.000000000000064
-9.073221534094479,-8.228845823962208,-0.0729075532222227,1.3990753936168716,14.050000000000065
-9.0645878479051,-8.179596898143577,-0.07290755322203252,1.395430015955746,14.100000000000065
-9.05577468854484,-8.130379772530672,-0.07290755322255098,1.3917846382946202,14.150000000000066
-9.046782173129689,-8.081195101158238,-0.07290755322300219,1.3881392606334944,14.200000000000067
-9.037610421159057,-8.032043537629752,-0.07290755322274653,1.3844938829723688,14.250000000000068
-9.028259554514188,-7.982925735108713,-0.07290755322226153,1.380848505311243,14.300000000000068
-9.01872969745654,-7.933842346309991,-0.07290755322231841,1.377203127650117,14.350000000000069
-9.009020976626129,-7.884794023491136,-0.0729075532225495,1.3735577499889915,14.40000000000007
-8.99913352103985,-7.835781418443704,-0.07290755322285479,1.3699123723278657,14.45000000000007
-8.989067462089764,-7.786805182484629,-0.0729075532220461,1.36626699466674,14.500000000000071
-8.978822933541348,-7.7378659664475204,-0.07290755322291022,1.3626216170056142,14.550000000000072
-8.96840007153172,-7.688964420674058,-0.07290755322190516,1.3589762393444884,14.600000000000072
-8.957799014567831,-7.640101195005322,-0.07290755322292844,1.3553308616833628,14.650000000000073
-8.947019903524616,-7.591276938773156,-0.07290755322219489,1.351685484022237,14.700000000000074
-8.936062881643137,-7.542492300791565,-0.07290755322334272,1.3480401063611112,14.750000000000075
-8.924928094528665,-7.493747929348077,-0.07290755322159237,1.3443947286999856,14.800000000000075
-8.913615690148756,-7.445044472195104,-0.07290755322316833,1.3407493510388597,14.850000000000076
-8.902125818831275,-7.396382576541384,-0.07290755322272333,1.337103973377734,14.900000000000077
-8.890458633262405,-7.3477628890433415,-0.07290755322162817,1.3334585957166083,14.950000000000077
-8.87861428848462,-7.299186055796506,-0.07290755322299347,1.3298132180554825,15.000000000000078
-8.866592941894615,-7.250652722326933,-0.07290755322222592,1.3261678403943569,15.050000000000079
-8.854394753241223,-7.202163533582617,-0.07290755322317609,1.322522462733231,15.10000000000008
-8.842019884623287,-7.153719133924916,-0.07290755322138934,1.3188770850721052,15.15000000000008
-8.829468500487517,-7.105320167120015,-0.07290755322318451,1.3152317074109796,15.200000000000081
-8.816740767626282,-7.056967276330333,-0.07290755322302189,1.3115863297498538,15.250000000000082
-8.803836855175417,-7.008661104106009,-0.07290755322162915,1.307940952088728,15.300000000000082
-8.790756934611966,-6.96040229237634,-0.07290755322338083,1.3042955744276024,15.350000000000083
-8.777501179751898,-6.912191482441267,-0.07290755322234542,1.3006501967664765,15.400000000000084
-8.764069766747808,-6.864029314962851,-0.0729075532212998,1.297004819105351,15.450000000000085
-8.750462874086567,-6.8159164299567365,-0.07290755322339598,1.293359441444225,15.500000000000085
-8.736680682586954,-6.767853466783688,-0.07290755322246359,1.2897140637830993,15.550000000000086
-8.722723375397253,-6.719841064141056,-0.07290755322349841,1.2860686861219737,15.600000000000087
-8.70859113799282,-6.671879860054313,-0.0729075532210906,1.2824233084608478,15.650000000000087
-8.694284158173616,-6.623970491868548,-0.07290755322326244,1.278777930799722,15.700000000000088
-8.679802626061715,-6.576113596240042,-0.07290755322226514,1.2751325531385964,15.750000000000089
-8.665146734098773,-6.5283098091277605,-0.07290755322285661,1.2714871754774706,15.80000000000009
-8.650316677043472,-6.48055976578493,-0.0729075532214128,1.2678417978163448,15.85000000000009
-8.635312651968936,-6.432864100750582,-0.07290755322388356,1.2641964201552192,15.900000000000091
-8.620134858260105,-6.385223447841142,-0.07290755322165618,1.2605510424940933,15.950000000000092
-8.604783497611093,-6.337638440141976,-0.07290755322277849,1.2569056648329677,16.000000000000092
-8.5892587740225,-6.290109709999003,-0.07290755322216964,1.253260287171842,16.050000000000093
-8.573560893798708,-6.242637889010275,-0.07290755322340094,1.249614909510716,16.100000000000094
-8.557690065545136,-6.19522360801761,-0.07290755322191793,1.2459695318495905,16.150000000000095
-8.541646500165472,-6.147867497098174,-0.07290755322221205,1.2423241541884646,16.200000000000095
-8.525430410858858,-6.100570185556121,-0.07290755322348096,1.2386787765273388,16.250000000000096
-8.509042013117073,-6.053332301914253,-0.07290755322126552,1.2350333988662132,16.300000000000097
-8.492481524721661,-6.006154473905628,-0.07290755322318605,1.2313880212050874,16.350000000000097
-8.475749165741036,-5.959037328465254,-0.07290755322318197,1.2277426435439616,16.400000000000098
-8.45884515852756,-5.91198149172174,-0.07290755322129404,1.224097265882836,16.4500000000001
-8.44176972771459,-5.864987588988967,-0.07290755322305,1.2204518882217101,16.5000000000001
-8.424523100213488,-5.8180562447578055,-0.07290755322300584,1.2168065105605845,16.5500000000001
-8.407105505210605,-5.771188082687782,-0.07290755322145247,1.2131611328994587,16.6000000000001
-8.389517174164252,-5.724383725598834,-0.07290755322276127,1.2095157552383329,16.6500000000001
-8.371758340801598,-5.677643795462995,-0.07290755322311447,1.2058703775772073,16.700000000000102
-8.353829241115578,-5.630968913396142,-0.07290755322203817,1.2022249999160814,16.750000000000103
-8.335730113361763,-5.584359699649749,-0.07290755322331727,1.1985796222549556,16.800000000000104
-8.31746119805518,-5.537816773602643,-0.07290755322139353,1.19493424459383,16.850000000000104
-8.299022737967126,-5.491340753752755,-0.0729075532226847,1.1912888669327042,16.900000000000105
-8.28041497812194,-5.444932257708931,-0.0729075532254222,1.1876434892715786,16.950000000000106
-8.276208070585296,-5.434507498476112,-0.013370275986139579,1.1868238913561442,16.99996721311486
-8.25745586607693,-5.388094163624878,-7.899975201855191e-13,1.1868238913561442,17.049934426229616
-8.238703661568561,-5.341680828773645,7.899975201855191e-13,1.1868238913561442,17.09990163934437
-8.219951457060194,-5.2952674939224105,-1.313781434006579e-13,1.1868238913561442,17.149868852459125
-8.201199252551827,-5.248854159071177,-5.237839138210334e-13,1.1868238913561442,17.19983606557388
-8.182447048043459,-5.202440824219943,6.568907170032601e-13,1.1868238913561442,17.249803278688635
-8.163694843535092,-5.156027489368709,-1.313781434006579e-13,1.1868238913561442,17.29977049180339
-8.144942639026725,-5.109614154517476,1.331068031822455e-13,1.1868238913561442,17.349737704918144
-8.126190434518358,-5.063200819666242,-6.586193767848476e-13,1.1868238913561442,17.3997049180329
-8.10743823000999,-5.016787484815008,5.237839138210334e-13,1.1868238913561442,17.449672131147654
-8.088686025501623,-4.970374149963774,1.331068031822455e-13,1.1868238913561442,17.49963934426241
-8.069933820993256,-4.92396081511254,-6.586193767848476e-13,1.1868238913561442,17.549606557377164
-8.051181616484888,-4.877547480261306,5.237839138210334e-13,1.1868238913561442,17.59957377049192
-8.032429411976521,-4.831134145410073,1.331068031822455e-13,1.1868238913561442,17.649540983606673
-8.013677207468154,-4.784720810558839,-4.59823501902298e-13,1.1868238913561442,17.69950819672143
-7.9949250029597865,-4.738307475707606,1.3310680318224282e-13,1.1868238913561442,17.749475409836183
-7.976172798451419,-4.6918941408563715,3.301740182832209e-13,1.1868238913561442,17.799442622950938
-7.957420593943052,-4.645480806005137,-4.59823501902298e-13,1.1868238913561442,17.849409836065693
-7.938668389434684,-4.599067471153904,1.3310680318224282e-13,1.1868238913561442,17.899377049180448
-7.919916184926317,-4.55265413630267,1.9706721510098484e-13,1.1868238913561442,17.949344262295202
-7.90116398041795,-4.506240801451437,-1.9533855531939725e-13,1.1868238913561442,17.999311475409957
-7.882411775909582,-4.459827466600203,3.301740182832209e-13,1.1868238913561442,18.049278688524712
-7.863659571401215,-4.413414131748969,-3.2844535850163336e-13,1.1868238913561442,18.099245901639467
-7.844907366892848,-4.3670007968977345,-1.3310680318224282e-13,1.1868238913561442,18.14921311475422
-7.82615516238448,-4.320587462046501,3.2844535850164947e-13,1.1868238913561442,18.199180327868977
-7.807402957876113,-4.274174127195268,-1.9533855531939725e-13,1.1868238913561442,18.24914754098373
-7.788650753367746,-4.227760792344034,3.301740182832209e-13,1.1868238913561442,18.299114754098486
-7.769898548859379,-4.1813474574928,-3.2844535850163336e-13,1.1868238913561442,18.34908196721324
-7.751146344351011,-4.134934122641566,-1.3310680318224282e-13,1.1868238913561442,18.399049180327996
-7.7323941398426435,-4.0885207877903325,4.615521616838856e-13,1.1868238913561442,18.44901639344275
-7.713641935334277,-4.042107452939098,-3.9413443020196483e-13,1.1868238913561442,18.498983606557506
-7.694889730825909,-3.9956941180878647,0.0,1.1868238913561442,18.54895081967226
-7.676137526317541,-3.949280783236631,3.284453585016414e-13,1.1868238913561442,18.598918032787015
-7.6573853218091745,-3.9028674483853973,-3.284453585016414e-13,1.1868238913561442,18.64888524590177
-7.638633117300807,-3.8564541135341637,3.9413443020196483e-13,1.1868238913561442,18.698852459016525
-7.61988091279244,-3.8100407786829296,-3.9413443020196483e-13,1.1868238913561442,18.74881967213128
-7.601128708284072,-3.763627443831696,3.284453585016414e-13,1.1868238913561442,18.798786885246034
-7.582376503775706,-3.7172141089804622,-2.6275628680130987e-13,1.1868238913561442,18.84875409836079
-7.563624299267338,-3.670800774129228,-6.741773148191436e-14,1.1868238913561442,18.898721311475544
-7.54487209475897,-3.6243874392779944,3.284453585016414e-13,1.1868238913561442,18.9486885245903
-7.5261198902506035,-3.577974104426761,-3.284453585016414e-13,1.1868238913561442,18.998655737705054
-7.507367685742236,-3.531560769575527,0.0,1.1868238913561442,19.04862295081981
-7.488615481233868,-3.4851474347242934,3.9413443020196483e-13,1.1868238913561442,19.098590163934563
-7.469863276725501,-3.4387340998730593,-3.9413443020196483e-13,1.1868238913561442,19.14855737704932
-7.451111072217134,-3.3923207650218257,3.284453585016414e-13,1.1868238913561442,19.198524590164073
-7.432358867708767,-3.345907430170592,-2.6275628680130987e-13,1.1868238913561442,19.248491803278828
-7.413606663200399,-3.299494095319358,-6.741773148191436e-14,1.1868238913561442,19.298459016393583
-7.3948544586920315,-3.253080760468124,3.284453585016414e-13,1.1868238913561442,19.348426229508338
-7.376102254183665,-3.2066674256168906,-3.284453585016414e-13,1.1868238913561442,19.398393442623092
-7.357350049675297,-3.160254090765657,3.284453585016414e-13,1.1868238913561442,19.448360655737847
-7.33859784516693,-3.113840755914423,-2.6275628680130987e-13,1.1868238913561442,19.498327868852602
-7.319845640658563,-3.067427421063189,-6.741773148191436e-14,1.1868238913561442,19.548295081967357
-7.301093436150195,-3.0210140862119554,3.284453585016414e-13,1.1868238913561442,19.59826229508211
-7.282341231641828,-2.9746007513607218,-2.6275628680130987e-13,1.1868238913561442,19.648229508196867
-7.26358902713346,-2.9281874165094877,-6.741773148191436e-14,1.1868238913561442,19.69819672131162
-7.244836822625093,-2.881774081658254,3.284453585016414e-13,1.1868238913561442,19.748163934426376
-7.226084618116726,-2.8353607468070203,-3.284453585016414e-13,1.1868238913561442,19.79813114754113
-7.207332413608358,-2.7889474119557867,3.284453585016414e-13,1.1868238913561442,19.848098360655886
-7.1885802090999915,-2.742534077104553,-2.6275628680130987e-13,1.1868238913561442,19.89806557377064
-7.169828004591624,-2.696120742253319,2.6275628680130987e-13,1.1868238913561442,19.948032786885395
-7.151075800083257,-2.649707407402085,-3.284453585016414e-13,1.1868238913561442,19.99800000000015
-7.132323595574889,-2.6032940725508515,6.568907170032681e-14,1.1868238913561442,20.047967213114905
-7.113571391066522,-2.5568807376996174,2.6275628680130987e-13,1.1868238913561442,20.09793442622966
-7.094819186558155,-2.5104674028483838,-3.284453585016414e-13,1.1868238913561442,20.147901639344415
-7.076066982049787,-2.46405406799715,0.0,1.1868238913561442,20.19786885245917
-7.05731477754142,-2.4176407331459164,3.284453585016414e-13,1.1868238913561442,20.247836065573924
-7.038562573033053,-2.3712273982946828,-2.6275628680130987e-13,1.1868238913561442,20.29780327868868
-7.019810368524685,-2.3248140634434487,-6.741773148191436e-14,1.1868238913561442,20.347770491803434
-7.001058164016317,-2.278400728592215,3.284453585016414e-13,1.1868238913561442,20.39773770491819
-6.982305959507951,-2.2319873937409813,-2.6275628680130987e-13,1.1868238913561442,20.447704918032944
-6.963553754999583,-2.185574058889747,2.6275628680130987e-13,1.1868238913561442,20.4976721311477
-6.944801550491216,-2.1391607240385135,-3.284453585016414e-13,1.1868238913561442,20.547639344262453
-6.9260493459828485,-2.09274738918728,3.284453585016414e-13,1.1868238913561442,20.59760655737721
-6.907297141474482,-2.046334054336046,-3.284453585016414e-13,1.1868238913561442,20.647573770491963
-6.888544936966114,-1.9999207194848125,6.568907170032681e-14,1.1868238913561442,20.697540983606718
-6.869792732457746,-1.9535073846335784,2.6275628680130987e-13,1.1868238913561442,20.747508196721473
-6.85104052794938,-1.9070940497823448,-3.284453585016414e-13,1.1868238913561442,20.797475409836228
-6.832288323441012,-1.860680714931111,6.568907170032681e-14,1.1868238913561442,20.847442622950982
-6.813536118932644,-1.814267380079877,2.6275628680130987e-13,1.1868238913561442,20.897409836065737
-6.794783914424277,-1.7678540452286433,-3.284453585016414e-13,1.1868238913561442,20.947377049180492
-6.77603170991591,-1.7214407103774096,3.284453585016414e-13,1.1868238913561442,20.997344262295247
-6.757279505407543,-1.675027375526176,-3.284453585016414e-13,1.1868238913561442,21.04731147541
-6.738527300899175,-1.6286140406749423,3.9413443020196483e-13,1.1868238913561442,21.097278688524757
-6.7197750963908085,-1.5822007058237082,-3.9413443020196483e-13,1.1868238913561442,21.14724590163951
-6.701022891882441,-1.5357873709724745,0.0,1.1868238913561442,21.197213114754266
-6.682270687374073,-1.4893740361212409,3.9413443020196483e-13,1.1868238913561442,21.24718032786902
-6.663518482865706,-1.4429607012700068,-4.59823501902298e-13,1.1868238913561442,21.297147540983776
-6.644766278357339,-1.3965473664187735,1.3310680318224282e-13,1.1868238913561442,21.34711475409853
-6.626014073848971,-1.3501340315675394,3.301740182832209e-13,1.1868238913561442,21.397081967213285
-6.607261869340604,-1.3037206967163053,-4.59823501902298e-13,1.1868238913561442,21.44704918032804
-6.5885096648322365,-1.257307361865072,1.3310680318224282e-13,1.1868238913561442,21.497016393442795
-6.569757460323869,-1.210894027013838,3.301740182832209e-13,1.1868238913561442,21.54698360655755
-6.551005255815502,-1.1644806921626039,-4.59823501902298e-13,1.1868238913561442,21.596950819672305
-6.532253051307134,-1.1180673573113706,4.615521616838856e-13,1.1868238913561442,21.64691803278706
-6.513500846798768,-1.0716540224601365,-4.59823501902298e-13,1.1868238913561442,21.696885245901814
-6.4947486422904,-1.0252406876089033,4.615521616838856e-13,1.1868238913561442,21.74685245901657
-6.475996437782033,-0.9788273527576692,-3.2844535850163336e-13,1.1868238913561442,21.796819672131324
-6.4572442332736655,-0.9324140179064351,-1.3310680318224282e-13,1.1868238913561442,21.84678688524608
-6.438492028765298,-0.8860006830552019,4.615521616838856e-13,1.1868238913561442,21.896754098360834
-6.419739824256931,-0.8395873482039677,-4.59823501902298e-13,1.1868238913561442,21.94672131147559
-6.400987619748563,-0.7931740133527345,1.3310680318224282e-13,1.1868238913561442,21.996688524590343
-6.382235415240196,-0.7467606785015004,3.301740182832209e-13,1.1868238913561442,22.0466557377051
-6.363483210731829,-0.7003473436502663,-4.59823501902298e-13,1.1868238913561442,22.096622950819853
-6.344731006223461,-0.6539340087990331,1.3310680318224282e-13,1.1868238913561442,22.146590163934608
-6.3259788017150935,-0.607520673947799,3.301740182832209e-13,1.1868238913561442,22.196557377049363
-6.307226597206727,-0.5611073390965648,-1.313781434006579e-13,1.1868238913561442,22.246524590164118
-6.28847439269836,-0.5146940042453316,-1.9533855531939725e-13,1.1868238913561442,22.296491803278872
-6.269722188189992,-0.4682806693940975,0.0,1.1868238913561442,22.346459016393627
-6.250969983681625,-0.4218673345428634,1.9706721510098484e-13,1.1868238913561442,22.396426229508382
-6.232217779173258,-0.3754539996916302,-1.9533855531939725e-13,1.1868238913561442,22.446393442623137
-6.21346557466489,-0.32904066484039607,-1.3310680318224282e-13,1.1868238913561442,22.49636065573789
-6.1947133701565225,-0.28262732998916285,4.615521616838856e-13,1.1868238913561442,22.546327868852647
-6.175961165648156,-0.23621399513792873,-3.2844535850163336e-13,1.1868238913561442,22.5962950819674
-6.157208961139788,-0.18980066028669462,-1.3310680318224282e-13,1.1868238913561442,22.646262295082156
-6.13845675663142,-0.1433873254354614,4.615521616838856e-13,1.1868238913561442,22.69622950819691
-6.1197045521230535,-0.09697399058422729,-1.313781434006579e-13,1.1868238913561442,22.746196721311666
-6.100952347614687,-0.050560655732994064,-5.237839138210334e-13,1.1868238913561442,22.79616393442642
-6.082200143106318,-0.004147320881759953,6.568907170032601e-13,1.1868238913561442,22.846131147541175
-6.063447938597951,0.04226601396947416,-1.313781434006579e-13,1.1868238913561442,22.89609836065593
-6.044695734089585,0.08867934882070738,-1.9533855531939725e-13,1.1868238913561442,22.946065573770685
-6.025943529581217,0.1350926836719415,0.0,1.1868238913561442,22.99603278688544
-6.007191325072849,0.1815060185231756,1.9706721510098484e-13,1.1868238913561442,23.046000000000195
-5.9884391205644825,0.22791935337440883,-1.9533855531939725e-13,1.1868238913561442,23.09596721311495
-5.969686916056115,0.27433268822564294,0.0,1.1868238913561442,23.145934426229704
-5.950934711547747,0.32074602307687705,1.9706721510098484e-13,1.1868238913561442,23.19590163934446
-5.93218250703938,0.3671593579281103,-1.9533855531939725e-13,1.1868238913561442,23.245868852459214
-5.913430302531013,0.4135726927793444,-1.3310680318224282e-13,1.1868238913561442,23.29583606557397
-5.894678098022645,0.4599860276305776,4.615521616838856e-13,1.1868238913561442,23.345803278688724
-5.875925893514278,0.5063993624818117,0.0,1.1868238913561442,23.39577049180348
-5.857173689005911,0.5528126973330458,-4.59823501902298e-13,1.1868238913561442,23.445737704918233
-5.838421484497544,0.5992260321842791,1.3310680318224282e-13,1.1868238913561442,23.495704918032988
-5.819669279989176,0.6456393670355132,1.9706721510098484e-13,1.1868238913561442,23.545672131147743
-5.800917075480809,0.6920527018867464,-1.9533855531939725e-13,1.1868238913561442,23.595639344262498
-5.782164870972442,0.7384660367379805,0.0,1.1868238913561442,23.645606557377253
-5.763412666464074,0.7848793715892146,1.9706721510098484e-13,1.1868238913561442,23.695573770492008
-5.744660461955707,0.8312927064404478,-1.9533855531939725e-13,1.1868238913561442,23.745540983606762
-5.7259082574473394,0.877706041291682,0.0,1.1868238913561442,23.795508196721517
-5.707156052938972,0.9241193761429161,1.9706721510098484e-13,1.1868238913561442,23.845475409836272
-5.688403848430605,0.9705327109941493,1.331068031822455e-13,1.1868238913561442,23.895442622951027
-5.669651643922238,1.0169460458453834,-6.586193767848476e-13,1.1868238913561442,23.94540983606578
-5.65089943941387,1.0633593806966175,5.237839138210334e-13,1.1868238913561442,23.995377049180536
-5.632147234905503,1.1097727155478507,1.331068031822455e-13,1.1868238913561442,24.04534426229529
-5.613395030397136,1.1561860503990848,-4.59823501902298e-13,1.1868238913561442,24.095311475410046
-5.594642825888768,1.202599385250318,1.3310680318224282e-13,1.1868238913561442,24.1452786885248
-5.575890621380401,1.2490127201015522,3.301740182832209e-13,1.1868238913561442,24.195245901639556
-5.557138416872034,1.2954260549527863,-4.59823501902298e-13,1.1868238913561442,24.24521311475431
-5.538386212363666,1.3418393898040195,1.3310680318224282e-13,1.1868238913561442,24.295180327869065
-5.519634007855299,1.3882527246552536,1.9706721510098484e-13,1.1868238913561442,24.34514754098382
-5.500881803346932,1.4346660595064868,-1.9533855531939725e-13,1.1868238913561442,24.395114754098575
-5.482129598838564,1.481079394357721,0.0,1.1868238913561442,24.44508196721333
-5.463377394330196,1.527492729208955,1.9706721510098484e-13,1.1868238913561442,24.495049180328085
-5.44462518982183,1.5739060640601883,1.331068031822455e-13,1.1868238913561442,24.54501639344284
-5.425872985313463,1.6203193989114224,-3.2844535850163336e-13,1.1868238913561442,24.594983606557594
-5.407120780805095,1.6667327337626565,-1.3310680318224282e-13,1.1868238913561442,24.64495081967235
-5.3883685762967275,1.7131460686138897,4.615521616838856e-13,1.1868238913561442,24.694918032787104
-5.369616371788361,1.7595594034651239,-3.2844535850163336e-13,1.1868238913561442,24.74488524590186
-5.350864167279993,1.805972738316358,-1.3310680318224282e-13,1.1868238913561442,24.794852459016614
-5.332111962771625,1.8523860731675912,4.615521616838856e-13,1.1868238913561442,24.84481967213137
-5.313359758263259,1.8987994080188253,-4.59823501902298e-13,1.1868238913561442,24.894786885246123
-5.294607553754891,1.9452127428700585,1.3310680318224282e-13,1.1868238913561442,24.944754098360878
-5.275855349246523,1.9916260777212926,3.301740182832209e-13,1.1868238913561442,24.994721311475633
-5.257103144738156,2.0380394125725267,-1.313781434006579e-13,1.1868238913561442,25.044688524590388
-5.23835094022979,2.08445274742376,-5.237839138210334e-13,1.1868238913561442,25.094655737705143
-5.219598735721421,2.130866082274994,5.237839138210334e-13,1.1868238913561442,25.144622950819898
-5.200846531213054,2.1772794171262273,1.331068031822455e-13,1.1868238913561442,25.194590163934652
-5.1820943267046875,2.2236927519774614,-3.2844535850163336e-13,1.1868238913561442,25.244557377049407
-5.16334212219632,2.2701060868286955,-1.3310680318224282e-13,1.1868238913561442,25.294524590164162
-5.144589917687952,2.3165194216799287,4.615521616838856e-13,1.1868238913561442,25.344491803278917
-5.125837713179585,2.362932756531163,-3.2844535850163336e-13,1.1868238913561442,25.39445901639367
-5.107085508671218,2.409346091382397,-1.3310680318224282e-13,1.1868238913561442,25.444426229508426
-5.08833330416285,2.45575942623363,4.615521616838856e-13,1.1868238913561442,25.49439344262318
-5.069581099654483,2.5021727610848643,-3.2844535850163336e-13,1.1868238913561442,25.544360655737936
-5.0508288951461155,2.5485860959360984,0.0,1.1868238913561442,25.59432786885269
-5.032076690637748,2.5949994307873325,6.396041191874228e-14,1.1868238913561442,25.644295081967446
-5.013324486129381,2.641412765638565,2.6621360636449756e-13,1.1868238913561442,25.6942622950822
-4.994572281621014,2.687826100489799,-3.2844535850163336e-13,1.1868238913561442,25.744229508196955
-4.975820077112647,2.734239435341033,0.0,1.1868238913561442,25.79419672131171
-4.957067872604279,2.780652770192267,3.301740182832209e-13,1.1868238913561442,25.844163934426465
-4.938315668095912,2.8270661050435013,-5.929303050845568e-13,1.1868238913561442,25.89413114754122
-4.9195634635875445,2.8734794398947336,2.662136063644922e-13,1.1868238913561442,25.944098360655975
-4.900811259079177,2.9198927747459678,3.301740182832209e-13,1.1868238913561442,25.99406557377073
-4.88205905457081,2.966306109597202,-3.2844535850163336e-13,1.1868238913561442,26.044032786885484
-4.863306850062442,3.012719444448436,0.0,1.1868238913561442,26.09400000000024
-4.844554645554075,3.05913277929967,3.301740182832209e-13,1.1868238913561442,26.143967213114994
-4.825802441045708,3.105546114150904,-2.644849465829099e-13,1.1868238913561442,26.19393442622975
-4.807050236537341,3.1519594490021365,-3.9067711063880026e-13,1.1868238913561442,26.243901639344504
-4.7882980320289725,3.1983727838533706,6.568907170032601e-13,1.1868238913561442,26.29386885245926
-4.769545827520606,3.2447861187046048,0.0,1.1868238913561442,26.343836065574013
-4.750793623012239,3.291199453555839,-3.2844535850163336e-13,1.1868238913561442,26.393803278688768
-4.732041418503871,3.337612788407073,-2.662136063644922e-13,1.1868238913561442,26.443770491803523
-4.713289213995504,3.3840261232583053,5.946589648661445e-13,1.1868238913561442,26.493737704918278
-4.694537009487137,3.4304394581095394,-3.2844535850163336e-13,1.1868238913561442,26.543704918033033
-4.675784804978769,3.4768527929607735,0.0,1.1868238913561442,26.593672131147787
-4.6570326004704015,3.5232661278120077,3.301740182832209e-13,1.1868238913561442,26.643639344262542
-4.638280395962035,3.5696794626632418,-5.929303050845568e-13,1.1868238913561442,26.693606557377297
-4.619528191453667,3.616092797514474,2.662136063644922e-13,1.1868238913561442,26.743573770492052
-4.600775986945299,3.662506132365708,3.301740182832209e-13,1.1868238913561442,26.793540983606807
-4.5820237824369325,3.7089194672169423,0.0,1.1868238913561442,26.84350819672156
-4.563271577928566,3.7553328020681764,-6.586193767848476e-13,1.1868238913561442,26.893475409836316
-4.544519373420197,3.8017461369194105,3.9067711063880026e-13,1.1868238913561442,26.94344262295107
-4.52576716891183,3.848159471770643,2.6621360636449756e-13,1.1868238913561442,26.993409836065826
-4.507014964403464,3.894572806621877,-3.2844535850163336e-13,1.1868238913561442,27.04337704918058
-4.488262759895096,3.940986141473111,0.0,1.1868238913561442,27.093344262295336
-4.469510555386728,3.987399476324345,3.301740182832209e-13,1.1868238913561442,27.14331147541009
-4.4507583508783615,4.033812811175579,-3.2844535850163336e-13,1.1868238913561442,27.193278688524845
-4.432006146369994,4.080226146026813,-2.662136063644922e-13,1.1868238913561442,27.2432459016396
-4.413253941861626,4.126639480878046,5.946589648661445e-13,1.1868238913561442,27.293213114754355
-4.394501737353259,4.17305281572928,-3.2844535850163336e-13,1.1868238913561442,27.34318032786911
-4.375749532844892,4.219466150580514,0.0,1.1868238913561442,27.393147540983865
-4.356997328336524,4.265879485431748,3.301740182832209e-13,1.1868238913561442,27.44311475409862
-4.338245123828157,4.312292820282982,-2.644849465829099e-13,1.1868238913561442,27.493081967213374
-4.31949291931979,4.3587061551342146,-6.223175213715465e-14,1.1868238913561442,27.54304918032813
-4.300740714811423,4.405119489985449,0.0,1.1868238913561442,27.593016393442884
-4.281988510303055,4.451532824836683,3.301740182832209e-13,1.1868238913561442,27.64298360655764
-4.263236305794688,4.497946159687917,-3.2844535850163336e-13,1.1868238913561442,27.692950819672394
-4.244484101286321,4.544359494539151,0.0,1.1868238913561442,27.74291803278715
-4.225731896777953,4.590772829390385,6.396041191874228e-14,1.1868238913561442,27.792885245901903
-4.206979692269586,4.6371861642416174,-6.223175213715465e-14,1.1868238913561442,27.842852459016658
-4.1882274877612184,4.683599499092852,3.301740182832209e-13,1.1868238913561442,27.892819672131413
-4.169475283252852,4.730012833944086,-3.2844535850163336e-13,1.1868238913561442,27.942786885246168
-4.150723078744484,4.77642616879532,0.0,1.1868238913561442,27.992754098360923
-4.131970874236116,4.822839503646554,6.396041191874228e-14,1.1868238913561442,28.042721311475677
-4.1132186697277495,4.869252838497786,-6.223175213715465e-14,1.1868238913561442,28.092688524590432
-4.094466465219382,4.91566617334902,3.301740182832209e-13,1.1868238913561442,28.142655737705187
-4.075714260711015,4.9620795082002545,-3.2844535850163336e-13,1.1868238913561442,28.192622950819942
-4.056962056202647,5.008492843051489,0.0,1.1868238913561442,28.242590163934697
-4.03820985169428,5.054906177902723,6.396041191874228e-14,1.1868238913561442,28.29255737704945
-4.019457647185913,5.101319512753955,-6.223175213715465e-14,1.1868238913561442,28.342524590164206
-4.000705442677545,5.147732847605189,0.0,1.1868238913561442,28.39249180327896
-3.9819532381691776,5.194146182456423,3.301740182832209e-13,1.1868238913561442,28.442459016393716
-3.963201033660811,5.240559517307657,-3.2844535850163336e-13,1.1868238913561442,28.49242622950847
-3.944448829152443,5.2869728521588915,6.396041191874228e-14,1.1868238913561442,28.542393442623226
-3.9256966246440763,5.333386187010124,-6.223175213715465e-14,1.1868238913561442,28.59236065573798
-3.9069444201357086,5.379799521861358,0.0,1.1868238913561442,28.642327868852735
-3.888192215627341,5.426212856712592,3.301740182832209e-13,1.1868238913561442,28.69229508196749
-3.869440011118974,5.472626191563826,-3.2844535850163336e-13,1.1868238913561442,28.742262295082245
-3.8506878066106065,5.51903952641506,3.301740182832209e-13,1.1868238913561442,28.792229508197
-3.8319356021022397,5.565452861266294,-5.929303050845568e-13,1.1868238913561442,28.842196721311755
-3.813183397593872,5.611866196117527,2.662136063644922e-13,1.1868238913561442,28.89216393442651
-3.7944311930855044,5.658279530968761,3.301740182832209e-13,1.1868238913561442,28.942131147541264
-3.7756789885771376,5.704692865819995,-3.2844535850163336e-13,1.1868238913561442,28.99209836065602
-3.75692678406877,5.751106200671229,3.301740182832209e-13,1.1868238913561442,29.042065573770774
-3.738174579560403,5.797519535522463,-5.929303050845568e-13,1.1868238913561442,29.09203278688553
-3.7194223750520354,5.8439328703736955,2.662136063644922e-13,1.1868238913561442,29.142000000000284
-3.7006701705436678,5.89034620522493,3.301740182832209e-13,1.1868238913561442,29.19196721311504
-3.681917966035301,5.936759540076164,-3.2844535850163336e-13,1.1868238913561442,29.241934426229793
-3.6631657615269333,5.983172874927398,0.0,1.1868238913561442,29.291901639344548
-3.6444135570185656,6.029586209778632,3.301740182832209e-13,1.1868238913561442,29.341868852459303
-3.625661352510199,6.075999544629866,-5.929303050845568e-13,1.1868238913561442,29.391836065574058
-3.606909148001831,6.122412879481098,5.946589648661445e-13,1.1868238913561442,29.441803278688813
-3.5881569434934644,6.1688262143323325,-3.2844535850163336e-13,1.1868238913561442,29.491770491803567
-3.5694047389850967,6.215239549183567,0.0,1.1868238913561442,29.541737704918322
-3.550652534476729,6.261652884034801,3.301740182832209e-13,1.1868238913561442,29.591704918033077
-3.5319003299683622,6.308066218886035,-5.929303050845568e-13,1.1868238913561442,29.641672131147832
-3.5131481254599946,6.354479553737267,5.946589648661445e-13,1.1868238913561442,29.691639344262587
-3.4943959209516278,6.400892888588501,-3.2844535850163336e-13,1.1868238913561442,29.74160655737734
-3.47564371644326,6.447306223439735,0.0,1.1868238913561442,29.791573770492096
-3.4568915119348924,6.4937195582909695,3.301740182832209e-13,1.1868238913561442,29.84154098360685
-3.4381393074265256,6.540132893142204,-5.929303050845568e-13,1.1868238913561442,29.891508196721606
-3.419387102918158,6.586546227993436,5.946589648661445e-13,1.1868238913561442,29.94147540983636
-3.400634898409791,6.63295956284467,-3.2844535850163336e-13,1.1868238913561442,29.991442622951116
-3.3818826939014235,6.679372897695904,0.0,1.1868238913561442,30.04140983606587
-3.363130489393056,6.725786232547138,3.301740182832209e-13,1.1868238913561442,30.091377049180625
-3.344378284884689,6.772199567398372,-5.929303050845568e-13,1.1868238913561442,30.14134426229538
-3.3256260803763213,6.818612902249605,5.946589648661445e-13,1.1868238913561442,30.191311475410135
-3.3068738758679546,6.865026237100839,-3.2844535850163336e-13,1.1868238913561442,30.24127868852489
-3.288121671359587,6.911439571952073,0.0,1.1868238913561442,30.291245901639645
-3.269369466851219,6.957852906803307,3.301740182832209e-13,1.1868238913561442,30.3412131147544
-3.2506172623428524,7.004266241654541,-3.2844535850163336e-13,1.1868238913561442,30.391180327869154
-3.2318650578344847,7.050679576505775,-2.662136063644922e-13,1.1868238913561442,30.44114754098391
-3.213112853326117,7.097092911357008,5.946589648661445e-13,1.1868238913561442,30.491114754098664
-3.1943606488177503,7.143506246208242,-3.2844535850163336e-13,1.1868238913561442,30.54108196721342
-3.1756084443093826,7.189919581059476,3.301740182832209e-13,1.1868238913561442,30.591049180328174
-3.156856239801016,7.23633291591071,-3.2844535850163336e-13,1.1868238913561442,30.64101639344293
-3.138104035292648,7.282746250761944,-2.662136063644922e-13,1.1868238913561442,30.690983606557683
-3.1193518307842805,7.329159585613176,5.946589648661445e-13,1.1868238913561442,30.740950819672438
-3.1005996262759137,7.3755729204644105,-3.2844535850163336e-13,1.1868238913561442,30.790918032787193
-3.081847421767546,7.421986255315645,3.301740182832209e-13,1.1868238913561442,30.840885245901948
-3.063095217259179,7.468399590166879,-3.2844535850163336e-13,1.1868238913561442,30.890852459016703
-3.0443430127508115,7.514812925018113,0.0,1.1868238913561442,30.940819672131457
-3.025590808242444,7.561226259869347,6.396041191874228e-14,1.1868238913561442,30.990786885246212
-3.006838603734077,7.607639594720579,-6.223175213715465e-14,1.1868238913561442,31.040754098360967
-2.9880863992257094,7.654052929571813,3.301740182832209e-13,1.1868238913561442,31.090721311475722
-2.9693341947173426,7.7004662644230475,-3.2844535850163336e-13,1.1868238913561442,31.140688524590477
-2.950581990208975,7.746879599274282,0.0,1.1868238913561442,31.19065573770523
-2.9318297857006073,7.793292934125516,6.396041191874228e-14,1.1868238913561442,31.240622950819986
-2.9130775811922405,7.839706268976748,-6.223175213715465e-14,1.1868238913561442,31.29059016393474
-2.894325376683873,7.886119603827982,0.0,1.1868238913561442,31.340557377049496
-2.875573172175505,7.932532938679216,3.301740182832209e-13,1.1868238913561442,31.39052459016425
-2.8568209676671383,7.97894627353045,-3.2844535850163336e-13,1.1868238913561442,31.440491803279006
-2.8380687631587707,8.025359608381684,6.396041191874228e-14,1.1868238913561442,31.49045901639376
-2.819316558650404,8.071772943232917,-6.223175213715465e-14,1.1868238913561442,31.540426229508515
-2.800564354142036,8.118186278084151,0.0,1.1868238913561442,31.59039344262327
-2.7818121496336685,8.164599612935385,3.301740182832209e-13,1.1868238913561442,31.640360655738025
-2.7630599451253017,8.21101294778662,-3.2844535850163336e-13,1.1868238913561442,31.69032786885278
-2.744307740616934,8.257426282637853,6.396041191874228e-14,1.1868238913561442,31.740295081967535
-2.7255555361085673,8.303839617489086,-6.223175213715465e-14,1.1868238913561442,31.79026229508229
-2.7068033316001996,8.35025295234032,0.0,1.1868238913561442,31.840229508197044
-2.688051127091832,8.396666287191554,3.301740182832209e-13,1.1868238913561442,31.8901967213118
-2.669298922583465,8.443079622042788,-3.2844535850163336e-13,1.1868238913561442,31.940163934426554
-2.6505467180750975,8.489492956894022,3.301740182832209e-13,1.1868238913561442,31.99013114754131
-2.6317945135667307,8.535906291745256,-5.929303050845568e-13,1.1868238913561442,32.04009836065606
-2.613042309058363,8.582319626596489,2.662136063644922e-13,1.1868238913561442,32.090065573770815
-2.5942901045499953,8.628732961447723,3.301740182832209e-13,1.1868238913561442,32.14003278688557
-2.5755379000416285,8.675146296298957,-3.2844535850163336e-13,1.1868238913561442,32.190000000000325
-2.556785695533261,8.72155963115019,3.301740182832209e-13,1.1868238913561442,32.23996721311508
-2.538033491024894,8.767972966001425,-5.929303050845568e-13,1.1868238913561442,32.289934426229834
-2.5192812865165264,8.814386300852657,2.662136063644922e-13,1.1868238913561442,32.33990163934459
-2.5005290820081587,8.860799635703891,3.301740182832209e-13,1.1868238913561442,32.389868852459344
-2.481776877499792,8.907212970555126,-3.2844535850163336e-13,1.1868238913561442,32.4398360655741
-2.4630246729914242,8.95362630540636,0.0,1.1868238913561442,32.48980327868885
-2.4442724684830566,9.000039640257594,3.301740182832209e-13,1.1868238913561442,32.53977049180361
-2.42552026397469,9.046452975108828,-5.929303050845568e-13,1.1868238913561442,32.58973770491836
-2.406768059466322,9.09286630996006,5.946589648661445e-13,1.1868238913561442,32.63970491803312
-2.3880158549579553,9.139279644811294,-3.2844535850163336e-13,1.1868238913561442,32.68967213114787
-2.3692636504495876,9.185692979662528,0.0,1.1868238913561442,32.73963934426263
-2.35051144594122,9.232106314513763,3.301740182832209e-13,1.1868238913561442,32.78960655737738
-2.331759241432853,9.278519649364997,-5.929303050845568e-13,1.1868238913561442,32.83957377049214
-2.3130070369244855,9.324932984216229,5.946589648661445e-13,1.1868238913561442,32.88954098360689
-2.2942548324161187,9.371346319067463,-3.2844535850163336e-13,1.1868238913561442,32.93950819672165
-2.275502627907751,9.417759653918697,0.0,1.1868238913561442,32.9894754098364
-2.2567504233993834,9.464172988769931,3.301740182832209e-13,1.1868238913561442,33.03944262295116
-2.2379982188910166,9.510586323621165,-5.929303050845568e-13,1.1868238913561442,33.08940983606591
-2.219246014382649,9.556999658472398,5.946589648661445e-13,1.1868238913561442,33.139377049180666
-2.200493809874282,9.603412993323632,-3.2844535850163336e-13,1.1868238913561442,33.18934426229542
-2.1817416053659144,9.649826328174866,0.0,1.1868238913561442,33.239311475410176
-2.1629894008575468,9.6962396630261,3.301740182832209e-13,1.1868238913561442,33.28927868852493
-2.14423719634918,9.742652997877334,-5.929303050845568e-13,1.1868238913561442,33.339245901639686
-2.1254849918408123,9.789066332728567,5.946589648661445e-13,1.1868238913561442,33.38921311475444
-2.1067327873324455,9.8354796675798,-3.2844535850163336e-13,1.1868238913561442,33.439180327869195
-2.087980582824078,9.881893002431035,0.0,1.1868238913561442,33.48914754098395
-2.06922837831571,9.928306337282269,3.301740182832209e-13,1.1868238913561442,33.539114754098705
-2.0504761738073434,9.974719672133503,-3.2844535850163336e-13,1.1868238913561442,33.58908196721346
-2.0317239692989757,10.021133006984737,-2.662136063644922e-13,1.1868238913561442,33.639049180328215
-2.012971764790608,10.06754634183597,5.946589648661445e-13,1.1868238913561442,33.68901639344297
-1.9942195602822412,10.113959676687204,-3.2844535850163336e-13,1.1868238913561442,33.738983606557724
-1.9754673557738736,10.160373011538438,3.301740182832209e-13,1.1868238913561442,33.78895081967248
-1.9567151512655068,10.206786346389672,-3.2844535850163336e-13,1.1868238913561442,33.838918032787234
-1.937962946757139,10.253199681240906,-2.662136063644922e-13,1.1868238913561442,33.88888524590199
-1.9192107422487714,10.299613016092138,5.946589648661445e-13,1.1868238913561442,33.93885245901674
-1.9004585377404046,10.346026350943372,-3.2844535850163336e-13,1.1868238913561442,33.9888196721315
-1.881706333232037,10.392439685794606,3.301740182832209e-13,1.1868238913561442,34.03878688524625
-1.8629541287236702,10.43885302064584,-3.2844535850163336e-13,1.1868238913561442,34.08875409836101
-1.8442019242153025,10.485266355497075,0.0,1.1868238913561442,34.13872131147576
-1.8254497197069348,10.531679690348309,3.301740182832209e-13,1.1868238913561442,34.18868852459052
-1.806697515198568,10.578093025199543,-3.2844535850163336e-13,1.1868238913561442,34.23865573770527
-1.7879453106902004,10.624506360050777,-2.022531944457626e-13,1.1868238913561442,34.28862295082003
-1.7691931061818336,10.670919694902008,2.022531944457626e-13,1.1868238913561442,34.33859016393478
-1.7504409016734659,10.717333029753242,0.0,1.1868238913561442,34.38855737704954
-1.7316886971650982,10.763746364604476,3.301740182832209e-13,1.1868238913561442,34.43852459016429
-1.7129364926567314,10.81015969945571,-3.2844535850163336e-13,1.1868238913561442,34.48849180327905
-1.6941842881483637,10.856573034306944,3.301740182832209e-13,1.1868238913561442,34.5384590163938
-1.675432083639997,10.902986369158178,-3.2844535850163336e-13,1.1868238913561442,34.588426229508556
-1.6566798791316293,10.949399704009412,0.0,1.1868238913561442,34.63839344262331
-1.6379276746232616,10.995813038860646,3.301740182832209e-13,1.1868238913561442,34.688360655738066
-1.6191754701148948,11.04222637371188,-3.2844535850163336e-13,1.1868238913561442,34.73832786885282
-1.6004232656065271,11.088639708563115,0.0,1.1868238913561442,34.788295081967576
-1.5816710610981595,11.135053043414349,-2.022531944457626e-13,1.1868238913561442,34.83826229508233
-1.5629188565897927,11.18146637826558,2.022531944457626e-13,1.1868238913561442,34.888229508197085
-1.544166652081425,11.227879713116813,3.301740182832209e-13,1.1868238913561442,34.93819672131184
-1.5254144475730582,11.274293047968047,-3.2844535850163336e-13,1.1868238913561442,34.988163934426595
-1.5066622430646905,11.320706382819282,0.0,1.1868238913561442,35.03813114754135
-1.4879100385563229,11.367119717670516,3.301740182832209e-13,1.1868238913561442,35.088098360656105
-1.469157834047956,11.41353305252175,-3.2844535850163336e-13,1.1868238913561442,35.13806557377086
-1.4504056295395884,11.459946387372984,3.301740182832209e-13,1.1868238913561442,35.188032786885614
-1.4316534250312216,11.506359722224218,-3.2844535850163336e-13,1.1868238913561442,35.23800000000037
-1.412901220522854,11.552773057075452,0.0,1.1868238913561442,35.287967213115124
-1.3941490160144863,11.599186391926686,3.301740182832209e-13,1.1868238913561442,35.33793442622988
-1.3753968115061195,11.64559972677792,-8.59143911449094e-13,1.1868238913561442,35.38790163934463
-1.3566446069977518,11.69201306162915,8.59143911449094e-13,1.1868238913561442,35.43786885245939
-1.337892402489385,11.738426396480385,-3.2844535850163336e-13,1.1868238913561442,35.48783606557414
-1.3191401979810173,11.784839731331619,0.0,1.1868238913561442,35.5378032786889
-1.3003879934726497,11.831253066182853,3.301740182832209e-13,1.1868238913561442,35.58777049180365
-1.2816357889642829,11.877666401034087,-3.2844535850163336e-13,1.1868238913561442,35.63773770491841
-1.2628835844559152,11.924079735885321,0.0,1.1868238913561442,35.68770491803316
-1.2441313799475475,11.970493070736556,3.301740182832209e-13,1.1868238913561442,35.73767213114792
-1.2253791754391807,12.01690640558779,-3.2844535850163336e-13,1.1868238913561442,35.78763934426267
-1.206626970930813,12.063319740439024,3.301740182832209e-13,1.1868238913561442,35.83760655737743
-1.1878747664224463,12.109733075290258,-8.59143911449094e-13,1.1868238913561442,35.88757377049218
-1.1691225619140786,12.156146410141488,5.306985529474231e-13,1.1868238913561442,35.93754098360694
-1.150370357405711,12.202559744992723,3.301740182832209e-13,1.1868238913561442,35.98750819672169
-1.1316181528973441,12.248973079843957,-3.2844535850163336e-13,1.1868238913561442,36.037475409836446
-1.1128659483889765,12.29538641469519,3.301740182832209e-13,1.1868238913561442,36.0874426229512
-1.0941137438806097,12.341799749546425,-3.2844535850163336e-13,1.1868238913561442,36.137409836065956
-1.075361539372242,12.388213084397659,0.0,1.1868238913561442,36.18737704918071
-1.0566093348638743,12.434626419248893,3.301740182832209e-13,1.1868238913561442,36.237344262295466
-1.0378571303555075,12.481039754100127,-3.2844535850163336e-13,1.1868238913561442,36.28731147541022
-1.0191049258471399,12.527453088951361,3.301740182832209e-13,1.1868238913561442,36.337278688524975
-1.000352721338773,12.573866423802595,-3.2844535850163336e-13,1.1868238913561442,36.38724590163973
-0.9816005168304054,12.62027975865383,-5.324272127290108e-13,1.1868238913561442,36.437213114754485
-0.9628483123220377,12.66669309350506,8.59143911449094e-13,1.1868238913561442,36.48718032786924
-0.9440961078136709,12.713106428356294,-3.2844535850163336e-13,1.1868238913561442,36.537147540983995
-0.9253439033053033,12.759519763207528,3.301740182832209e-13,1.1868238913561442,36.58711475409875
-0.9065916987969365,12.805933098058762,-3.2844535850163336e-13,1.1868238913561442,36.637081967213504
-0.8878394942885688,12.852346432909997,0.0,1.1868238913561442,36.68704918032826
-0.8690872897802011,12.89875976776123,3.301740182832209e-13,1.1868238913561442,36.737016393443014
-0.8503350852718343,12.945173102612465,-3.2844535850163336e-13,1.1868238913561442,36.78698360655777
-0.8315828807634666,12.991586437463699,0.0,1.1868238913561442,36.83695081967252
-0.812830676255099,13.037999772314933,3.301740182832209e-13,1.1868238913561442,36.88691803278728
-0.7940784717467322,13.084413107166167,-8.59143911449094e-13,1.1868238913561442,36.93688524590203
-0.7753262672383645,13.130826442017398,8.59143911449094e-13,1.1868238913561442,36.98685245901679
-0.7565740627299977,13.177239776868632,-3.2844535850163336e-13,1.1868238913561442,37.03681967213154
-0.73782185822163,13.223653111719866,0.0,1.1868238913561442,37.0867868852463
-0.7190696537132624,13.2700664465711,3.301740182832209e-13,1.1868238913561442,37.13675409836105
-0.7003174492048956,13.316479781422334,-3.2844535850163336e-13,1.1868238913561442,37.18672131147581
-0.6815652446965279,13.362893116273568,3.301740182832209e-13,1.1868238913561442,37.23668852459056
-0.6628130401881611,13.409306451124802,-3.2844535850163336e-13,1.1868238913561442,37.28665573770532
-0.6440608356797934,13.455719785976036,0.0,1.1868238913561442,37.33662295082007
-0.6253086311714258,13.50213312082727,3.301740182832209e-13,1.1868238913561442,37.38659016393483
-0.606556426663059,13.548546455678505,-3.2844535850163336e-13,1.1868238913561442,37.43655737704958
-0.5878042221546913,13.594959790529739,-2.022531944457626e-13,1.1868238913561442,37.486524590164336
-0.5690520176463245,13.64137312538097,2.022531944457626e-13,1.1868238913561442,37.53649180327909
-0.5502998131379568,13.687786460232203,0.0,1.1868238913561442,37.586459016393846
-0.5315476086295892,13.734199795083438,3.301740182832209e-13,1.1868238913561442,37.6364262295086
-0.5127954041212224,13.780613129934672,-3.2844535850163336e-13,1.1868238913561442,37.686393442623356
-0.4940431996128547,13.827026464785906,0.0,1.1868238913561442,37.73636065573811
-0.475290995104487,13.87343979963714,3.301740182832209e-13,1.1868238913561442,37.786327868852865
-0.45653879059612024,13.919853134488374,-3.2844535850163336e-13,1.1868238913561442,37.83629508196762
-0.43778658608775256,13.966266469339608,3.301740182832209e-13,1.1868238913561442,37.886262295082375
-0.4190343815793858,14.012679804190842,-3.2844535850163336e-13,1.1868238913561442,37.93622950819713
-0.4002821770710181,14.059093139042076,0.0,1.1868238913561442,37.986196721311885
-0.3815299725626504,14.10550647389331,-2.022531944457626e-13,1.1868238913561442,38.03616393442664
-0.36277776805428363,14.151919808744541,2.022531944457626e-13,1.1868238913561442,38.086131147541394
-0.34402556354591596,14.198333143595775,3.301740182832209e-13,1.1868238913561442,38.13609836065615
-0.32527335903754917,14.24474647844701,-3.2844535850163336e-13,1.1868238913561442,38.186065573770904
-0.3065211545291815,14.291159813298243,0.0,1.1868238913561442,38.23603278688566
-0.2877689500208138,14.337573148149477,3.301740182832209e-13,1.1868238913561442,38.28600000000041
-0.26901674551244703,14.383986483000712,0.0,1.1868238913561442,38.33596721311517
-0.25026454100408024,14.430399817851946,-6.586193767848476e-13,1.1868238913561442,38.38593442622992
-0.23151233649571168,14.47681315270318,6.568907170032601e-13,1.1868238913561442,38.43590163934468
-0.2127601319873449,14.523226487554414,0.0,1.1868238913561442,38.48586885245943
-0.1940079274789781,14.569639822405648,-6.586193767848476e-13,1.1868238913561442,38.53583606557419
-0.17525572297060954,14.616053157256882,1.261921640559019e-13,1.1868238913561442,38.58580327868894
-0.15650351846224275,14.662466492108113,5.306985529474336e-13,1.1868238913561442,38.6357704918037
-0.13775131395387596,14.708879826959347,-6.586193767848476e-13,1.1868238913561442,38.68573770491845
-0.1189991094455074,14.755293161810581,6.568907170032601e-13,1.1868238913561442,38.73570491803321
-0.10024690493714061,14.801706496661815,0.0,1.1868238913561442,38.78567213114796
-0.08149470042877383,14.84811983151305,0.0,1.1868238913561442,38.83563934426272
-0.06274249592040704,14.894533166364283,-6.586193767848476e-13,1.1868238913561442,38.88560655737747
-0.043990291412038474,14.940946501215517,6.568907170032601e-13,1.1868238913561442,38.935573770492226
-0.025238086903671686,14.987359836066751,0.0,1.1868238913561442,38.98554098360698
-0.006485882395304898,15.033773170917986,-6.586193767848476e-13,1.1868238913561442,39.035508196721736
0.012266322113063666,15.08018650576922,1.261921640559019e-13,1.1868238913561442,39.08547540983649
0.031018526621430453,15.12659984062045,5.306985529474336e-13,1.1868238913561442,39.135442622951246
0.04977073112979724,15.173013175471684,-6.586193767848476e-13,1.1868238913561442,39.185409836066
0.0685229356381658,15.219426510322918,6.568907170032601e-13,1.1868238913561442,39.235377049180755
0.08727514014653259,15.265839845174153,0.0,1.1868238913561442,39.28534426229551
0.10602734465489938,15.312253180025387,0.0,1.1868238913561442,39.335311475410265
0.12477954916326617,15.35866651487662,-6.586193767848476e-13,1.1868238913561442,39.38527868852502
0.14353175367163473,15.405079849727855,6.568907170032601e-13,1.1868238913561442,39.435245901639775
0.16228395818000152,15.451493184579089,0.0,1.1868238913561442,39.48521311475453
0.1810361626883683,15.497906519430323,-6.586193767848476e-13,1.1868238913561442,39.535180327869284
0.19978836719673687,15.544319854281557,6.568907170032601e-13,1.1868238913561442,39.58514754098404
0.21854057170510366,15.590733189132791,-5.306985529474336e-13,1.1868238913561442,39.635114754098794
0.23729277621347045,15.637146523984022,-1.261921640559019e-13,1.1868238913561442,39.68508196721355
0.256044980721839,15.683559858835256,6.568907170032601e-13,1.1868238913561442,39.7350491803283
0.2747971852302058,15.72997319368649,0.0,1.1868238913561442,39.78501639344306
0.2935493897385726,15.776386528537724,-6.586193767848476e-13,1.1868238913561442,39.83498360655781
0.31230159424694115,15.822799863388958,6.568907170032601e-13,1.1868238913561442,39.88495081967257
0.33105379875530794,15.869213198240192,0.0,1.1868238913561442,39.93491803278732
0.3498060032636747,15.915626533091427,0.0,1.1868238913561442,39.98488524590208
0.3685582077720415,15.96203986794266,-6.586193767848476e-13,1.1868238913561442,40.03485245901683
0.3873104122804101,16.008453202793895,6.568907170032601e-13,1.1868238913561442,40.08481967213159
0.40606261678877686,16.05486653764513,-5.306985529474336e-13,1.1868238913561442,40.13478688524634
0.42481482129714365,16.10127987249636,-1.261921640559019e-13,1.1868238913561442,40.1847540983611
0.4435670258055122,16.147693207347594,6.568907170032601e-13,1.1868238913561442,40.23472131147585
0.462319230313879,16.194106542198828,0.0,1.1868238913561442,40.28468852459061
0.4810714348222458,16.240519877050062,-6.586193767848476e-13,1.1868238913561442,40.33465573770536
0.49982363933061436,16.286933211901296,6.568907170032601e-13,1.1868238913561442,40.384622950820116
0.5185758438389811,16.33334654675253,0.0,1.1868238913561442,40.43459016393487
0.5373280483473479,16.379759881603764,-6.586193767848476e-13,1.1868238913561442,40.484557377049626
0.5560802528557165,16.426173216455,6.568907170032601e-13,1.1868238913561442,40.53452459016438
0.5748324573640833,16.472586551306232,0.0,1.1868238913561442,40.584491803279136
0.5935846618724501,16.518999886157467,0.0,1.1868238913561442,40.63445901639389
0.6123368663808169,16.5654132210087,-1.1893179297323357e-12,1.1868238913561442,40.684426229508645
0.6310890708891854,16.61182655585993,1.1893179297323357e-12,1.1868238913561442,40.7343934426234
0.6498412753975522,16.658239890711165,0.0,1.1868238913561442,40.784360655738155
0.668593479905919,16.7046532255624,-6.586193767848476e-13,1.1868238913561442,40.83432786885291
0.6873456844142876,16.751066560413634,6.568907170032601e-13,1.1868238913561442,40.884295081967664
0.7060978889226543,16.797479895264868,0.0,1.1868238913561442,40.93426229508242
0.7248500934310211,16.8438932301161,-6.586193767848476e-13,1.1868238913561442,40.984229508197174
0.7436022979393897,16.890306564967336,6.568907170032601e-13,1.1868238913561442,41.03419672131193
0.7623545024477565,16.93671989981857,0.0,1.1868238913561442,41.084163934426684
0.7811067069561233,16.983133234669804,0.0,1.1868238913561442,41.13413114754144
0.7998589114644901,17.029546569521038,-6.586193767848476e-13,1.1868238913561442,41.18409836065619
0.8186111159728586,17.075959904372272,1.261921640559019e-13,1.1868238913561442,41.23406557377095
0.8373633204812254,17.122373239223503,5.306985529474336e-13,1.1868238913561442,41.2840327868857
0.8561155249895922,17.168786574074737,-6.586193767848476e-13,1.1868238913561442,41.33400000000046
0.8748677294979608,17.21519990892597,6.568907170032601e-13,1.1868238913561442,41.38396721311521
0.8936199340063276,17.261613243777205,0.0,1.1868238913561442,41.43393442622997
0.9123721385146943,17.30802657862844,-6.586193767848476e-13,1.1868238913561442,41.48390163934472
0.9311243430230629,17.354439913479673,6.568907170032601e-13,1.1868238913561442,41.53386885245948
0.9498765475314297,17.400853248330908,0.0,1.1868238913561442,41.58383606557423
0.9686287520397965,17.44726658318214,-6.586193767848476e-13,1.1868238913561442,41.63380327868899
0.987380956548165,17.493679918033376,6.568907170032601e-13,1.1868238913561442,41.68377049180374
1.0061331610565318,17.54009325288461,0.0,1.1868238913561442,41.7337377049185
1.0248853655648986,17.586506587735844,-5.306985529474336e-13,1.1868238913561442,41.78370491803325
1.0436375700732654,17.632919922587075,-1.261921640559019e-13,1.1868238913561442,41.833672131148006
1.062389774581634,17.67933325743831,6.568907170032601e-13,1.1868238913561442,41.88363934426276
1.0811419790900008,17.725746592289543,0.0,1.1868238913561442,41.933606557377516
1.0998941835983675,17.772159927140777,-6.586193767848476e-13,1.1868238913561442,41.98357377049227
1.1186463881067361,17.81857326199201,6.568907170032601e-13,1.1868238913561442,42.033540983607026
1.137398592615103,17.864986596843245,0.0,1.1868238913561442,42.08350819672178
1.1561507971234697,17.91139993169448,-6.586193767848476e-13,1.1868238913561442,42.133475409836535
1.1749030016318383,17.957813266545713,6.568907170032601e-13,1.1868238913561442,42.18344262295129
1.193655206140205,18.004226601396947,0.0,1.1868238913561442,42.233409836066045
1.2124074106485718,18.05063993624818,-5.306985529474336e-13,1.1868238913561442,42.2833770491808
1.2311596151569386,18.097053271099412,-1.261921640559019e-13,1.1868238913561442,42.333344262295554
1.2499118196653072,18.143466605950646,6.568907170032601e-13,1.1868238913561442,42.38331147541031
1.268664024173674,18.18987994080188,0.0,1.1868238913561442,42.433278688525064
1.2874162286820408,18.236293275653114,-6.586193767848476e-13,1.1868238913561442,42.48324590163982
1.3061684331904093,18.28270661050435,6.568907170032601e-13,1.1868238913561442,42.533213114754574
1.324920637698776,18.329119945355583,0.0,1.1868238913561442,42.58318032786933
1.343672842207143,18.375533280206817,-6.586193767848476e-13,1.1868238913561442,42.63314754098408
1.3624250467155115,18.42194661505805,6.568907170032601e-13,1.1868238913561442,42.68311475409884
1.3811772512238782,18.468359949909285,0.0,1.1868238913561442,42.73308196721359
1.399929455732245,18.51477328476052,-6.586193767848476e-13,1.1868238913561442,42.78304918032835
1.4186816602406136,18.561186619611753,1.261921640559019e-13,1.1868238913561442,42.8330163934431
1.4374338647489804,18.607599954462984,5.306985529474336e-13,1.1868238913561442,42.88298360655786
1.4561860692573472,18.654013289314218,0.0,1.1868238913561442,42.93295081967261
1.474938273765714,18.700426624165452,-6.586193767848476e-13,1.1868238913561442,42.98291803278737
1.4936904782740825,18.746839959016686,6.568907170032601e-13,1.1868238913561442,43.03288524590212
1.5124426827824493,18.79325329386792,0.0,1.1868238913561442,43.08285245901688
1.531194887290816,18.839666628719154,-6.586193767848476e-13,1.1868238913561442,43.13281967213163
1.5499470917991847,18.88607996357039,6.568907170032601e-13,1.1868238913561442,43.18278688524639
1.5686992963075514,18.932493298421623,0.0,1.1868238913561442,43.23275409836114
1.5874515008159182,18.978906633272857,-6.586193767848476e-13,1.1868238913561442,43.282721311475896
1.6062037053242868,19.02531996812409,1.261921640559019e-13,1.1868238913561442,43.33268852459065
1.6249559098326536,19.07173330297532,5.306985529474336e-13,1.1868238913561442,43.382655737705406
1.6437081143410204,19.118146637826555,0.0,1.1868238913561442,43.43262295082016
1.6624603188493872,19.16455997267779,-6.586193767848476e-13,1.1868238913561442,43.482590163934915
1.6812125233577557,19.210973307529024,6.568907170032601e-13,1.1868238913561442,43.53255737704967
1.6999647278661225,19.257386642380258,0.0,1.1868238913561442,43.582524590164425
1.7187169323744893,19.303799977231492,-6.586193767848476e-13,1.1868238913561442,43.63249180327918
1.7374691368828579,19.350213312082726,6.568907170032601e-13,1.1868238913561442,43.682459016393935
1.7562213413912247,19.39662664693396,0.0,1.1868238913561442,43.73242622950869
1.7749735458995914,19.443039981785194,-6.586193767848476e-13,1.1868238913561442,43.782393442623444
1.79372575040796,19.48945331663643,6.568907170032601e-13,1.1868238913561442,43.8323606557382
1.8124779549163268,19.535866651487662,-5.306985529474336e-13,1.1868238913561442,43.882327868852954
1.8312301594246936,19.582279986338893,-1.261921640559019e-13,1.1868238913561442,43.93229508196771
1.8499823639330621,19.628693321190127,6.568907170032601e-13,1.1868238913561442,43.982262295082464
1.868734568441429,19.67510665604136,0.0,1.1868238913561442,44.03222950819722
1.8874867729497957,19.721519990892595,0.0,1.1868238913561442,44.08219672131197
1.9062389774581625,19.76793332574383,-6.586193767848476e-13,1.1868238913561442,44.13216393442673
1.924991181966531,19.814346660595064,6.568907170032601e-13,1.1868238913561442,44.18213114754148
1.9437433864748979,19.860759995446298,0.0,1.1868238913561442,44.23209836065624
1.9624955909832646,19.907173330297532,-6.586193767848476e-13,1.1868238913561442,44.28206557377099
1.9812477954916332,19.953586665148766,6.568907170032601e-13,1.1868238913561442,44.33203278688575
2.0,20.0,6.568907170032601e-13,1.1868238913561442,44.3820000000005
