3.0,-24.0,0.07290755322273727,1.6929693744344996,0.0
2.993816091286472,-23.950383908814494,0.07290755322273727,1.6966147520956252,0.05
2.987451354671342,-23.900790689929995,0.07290755322271882,1.700260129756751,0.1
2.9809058747340913,-23.851221002379067,0.07290755322164168,1.7039055074178766,0.15000000000000002
2.9741797384560567,-23.801675504881562,0.07290755322330034,1.7075508850790024,0.2
2.9672730352192698,-23.75215485583589,0.0729075532223185,1.711196262740128,0.25
2.960185856805279,-23.702659713310243,0.07290755322214117,1.7148416404012536,0.3
2.9529182973939228,-23.65319073503387,0.07290755322257257,1.7184870180623795,0.35
2.9454704535620797,-23.60374857838833,0.07290755322299317,1.722132395723505,0.39999999999999997
2.9378424242823837,-23.55433390039875,0.07290755322216434,1.725777773384631,0.44999999999999996
2.9300343109219154,-23.504947357725104,0.07290755322234475,1.7294231510457565,0.49999999999999994
2.922046217240846,-23.455589606653483,0.07290755322275164,1.733068528706882,0.5499999999999999
2.9138782493910633,-23.40626130308737,0.07290755322247518,1.736713906368008,0.6
2.9055305159147613,-23.356963102538927,0.07290755322289888,1.7403592840291335,0.65
2.8970031277429955,-23.307695660120288,0.07290755322202085,1.7440046616902594,0.7000000000000001
2.8882961981942143,-23.25845963053485,0.07290755322244201,1.747650039351385,0.7500000000000001
2.8794098429727435,-23.209255668068565,0.07290755322276891,1.7512954170125106,0.8000000000000002
2.8703441801672565,-23.160084426581257,0.07290755322246861,1.7549407946736364,0.8500000000000002
2.8610993302492047,-23.110946559497936,0.07290755322302789,1.758586172334762,0.9000000000000002
2.8516754160712097,-23.06184271980009,0.0729075532216627,1.7622315499958878,0.9500000000000003
2.8420725628654435,-23.01277356001704,0.07290755322261075,1.7658769276570134,1.0000000000000002
2.83229089824195,-22.963739732217256,0.07290755322318919,1.769522305318139,1.0500000000000003
2.8223305521869553,-22.91474188799967,0.0729075532219197,1.7731676829792649,1.1000000000000003
2.8121916570611476,-22.865780678485063,0.0729075532226986,1.7768130606403905,1.1500000000000004
2.8018743475979035,-22.81685675430736,0.07290755322245501,1.7804584383015163,1.2000000000000004
2.791378760901512,-22.767970765605032,0.0729075532227822,1.784103815962642,1.2500000000000004
2.7807050364453403,-22.719123362012418,0.07290755322219714,1.7877491936237677,1.3000000000000005
2.7698533160699927,-22.670315192651124,0.07290755322242981,1.7913945712848933,1.3500000000000005
2.758823743981414,-22.621546906121367,0.07290755322254121,1.795039948946019,1.4000000000000006
2.7476164667489784,-22.572819150493373,0.07290755322305746,1.7986853266071448,1.4500000000000006
2.7362316333035452,-22.52413257329878,0.07290755322209322,1.8023307042682704,1.5000000000000007
2.7246693949354737,-22.475487821521984,0.0729075532220858,1.8059760819293962,1.5500000000000007
2.7129299052926186,-22.426885541591606,0.0729075532232935,1.8096214595905218,1.6000000000000008
2.701013320378278,-22.378326379371845,0.07290755322221946,1.8132668372516476,1.6500000000000008
2.6889197985491338,-22.32981098015393,0.07290755322283325,1.8169122149127732,1.7000000000000008
2.676649500513138,-22.28133998864753,0.07290755322201135,1.8205575925738988,1.7500000000000009
2.6642025893273797,-22.232914048972187,0.07290755322264976,1.8242029702350246,1.800000000000001
2.6515792303959214,-22.184533804648776,0.07290755322264136,1.8278483478961502,1.850000000000001
2.638779591467592,-22.136199898590913,0.07290755322213464,1.831493725557276,1.900000000000001
2.6258038426337693,-22.087912973096454,0.07290755322266129,1.8351391032184017,1.950000000000001
2.6126521563261123,-22.03967366983894,0.07290755322260546,1.8387844808795273,2.000000000000001
2.599324707314268,-21.991482629859057,0.07290755322226589,1.842429858540653,2.0500000000000007
2.5858216727035583,-21.94334049355615,0.07290755322343262,1.8460752362017787,2.1000000000000005
2.572143231932615,-21.895247900679685,0.07290755322142953,1.8497206138629043,2.1500000000000004
2.558289566771007,-21.847205490320754,0.07290755322328972,1.8533659915240301,2.2
2.544260861316812,-21.799213900903595,0.07290755322207121,1.8570113691851557,2.25
2.530057301994183,-21.751273770177093,0.07290755322249595,1.8606567468462814,2.3
2.515679077550859,-21.703385735206304,0.07290755322263781,1.8643021245074072,2.3499999999999996
2.501126379055669,-21.655550432364016,0.07290755322258823,1.8679475021685328,2.3999999999999995
2.486399399895978,-21.607768497322247,0.07290755322282705,1.8715928798296584,2.4499999999999993
2.4714983357751317,-21.56004056504384,0.07290755322208686,1.8752382574907842,2.499999999999999
2.4564233847098516,-21.512367269774003,0.07290755322237724,1.8788836351519098,2.549999999999999
2.4411747470275955,-21.464749245031886,0.07290755322261094,1.8825290128130354,2.5999999999999988
2.425752625363904,-21.417187123602158,0.07290755322275798,1.8861743904741612,2.6499999999999986
2.410157224659706,-21.36968153752661,0.07290755322234653,1.8898197681352868,2.6999999999999984
2.394388752158596,-21.322233118095745,0.07290755322259683,1.8934651457964125,2.7499999999999982
2.3784474174040744,-21.274842495840385,0.07290755322232625,1.8971105234575383,2.799999999999998
2.362333432236772,-21.22751030052331,0.07290755322230624,1.9007559011186639,2.849999999999998
2.3460470107916285,-21.180237161130872,0.07290755322300331,1.9044012787797895,2.8999999999999977
2.3295883694950454,-21.133023705864645,0.07290755322240935,1.9080466564409153,2.9499999999999975
2.312957727062017,-21.08587056213307,0.07290755322214584,1.911692034102041,2.9999999999999973
2.296155304493219,-21.038778356543126,0.07290755322317025,1.9153374117631667,3.049999999999997
2.279181325072072,-20.991747714892007,0.07290755322213709,1.9189827894242923,3.099999999999997
2.2620360143617755,-20.944779262158782,0.07290755322211007,1.922628167085418,3.149999999999997
2.244719600202312,-20.89787362249612,0.07290755322319437,1.9262735447465436,3.1999999999999966
2.22723231270741,-20.85103141922197,0.07290755322195505,1.9299189224076694,3.2499999999999964
2.209574384261505,-20.80425327481131,0.07290755322311357,1.933564300068795,3.2999999999999963
2.1917460495166283,-20.757539810887828,0.07290755322214326,1.9372096777299208,3.349999999999996
2.173747545389308,-20.710891648215707,0.07290755322278401,1.9408550553910464,3.399999999999996
2.15557911105741,-20.664309406691356,0.0729075532223361,1.944500433052172,3.4499999999999957
2.137240987956962,-20.617793705335163,0.07290755322257468,1.9481458107132976,3.4999999999999956
2.1187334197789447,-20.571345162283286,0.07290755322214951,1.9517911883744234,3.5499999999999954
2.10005665246606,-20.52496439477944,0.07290755322279754,1.955436566035549,3.599999999999995
2.0812109342094494,-20.478652019166667,0.07290755322288443,1.9590819436966749,3.649999999999995
2.062196515445409,-20.43240865087919,0.07290755322213645,1.9627273213578005,3.699999999999995
2.0430136488520554,-20.38623490443419,0.07290755322177918,1.966372699018926,3.7499999999999947
2.0236625893459665,-20.340131393423665,0.0729075532239698,1.9700180766800517,3.7999999999999945
2.0041435940787937,-20.294098730506278,0.07290755322126585,1.9736634543411775,3.8499999999999943
1.9844569224338555,-20.248137527399198,0.0729075532234844,1.9773088320023031,3.899999999999994
1.9646028360226722,-20.20224839486999,0.07290755322170366,1.980954209663429,3.949999999999994
1.9445815986815096,-20.15643194272849,0.07290755322316791,1.9845995873245545,3.999999999999994
1.9243934764678536,-20.110688779818695,0.07290755322211583,1.9882449649856802,4.049999999999994
1.9040387376568875,-20.06501951401068,0.07290755322235928,1.991890342646806,4.099999999999993
1.8835176527379236,-20.01942475219252,0.07290755322312588,1.9955357203079316,4.149999999999993
1.8628304944108085,-19.973905100262236,0.07290755322200221,1.9991810979690572,4.199999999999993
1.8419775375822962,-19.928461163119707,0.07290755322293613,2.002826475630183,4.249999999999993
1.8209590593624014,-19.883093544658678,0.07290755322219732,2.0064718532913086,4.299999999999993
1.7997753390607125,-19.837802847758702,0.07290755322294316,2.010117230952434,4.3499999999999925
1.7784266581826793,-19.792589674277146,0.07290755322189763,2.01376260861356,4.399999999999992
1.756913300425875,-19.747454625041176,0.07290755322273464,2.0174079862746854,4.449999999999992
1.7352355516762217,-19.70239829983979,0.07290755322276089,2.0210533639358115,4.499999999999992
1.7133937000042012,-19.657421297415848,0.07290755322222035,2.024698741596937,4.549999999999992
1.6913880356610174,-19.6125242154581,0.07290755322224853,2.0283441192580627,4.599999999999992
1.669218851074738,-19.567707650593253,0.07290755322314654,2.0319894969191883,4.6499999999999915
1.6468864408464152,-19.52297219837804,0.07290755322210946,2.035634874580314,4.699999999999991
1.6243911017461696,-19.478318453291305,0.07290755322257117,2.03928025224144,4.749999999999991
1.6017331327092463,-19.43374700872612,0.07290755322226364,2.0429256299025655,4.799999999999991
1.5789128348320367,-19.389258456981864,0.0729075532231578,2.046571007563691,4.849999999999991
1.5559305113680852,-19.344853389256393,0.0729075532224148,2.0502163852248168,4.899999999999991
1.532786467724052,-19.300532395638143,0.07290755322156213,2.0538617628859424,4.94999999999999
1.5094810114556663,-19.256296065098326,0.07290755322378117,2.057507140547068,4.99999999999999
1.4860144522636185,-19.212144985483075,0.0729075532216024,2.061152518208194,5.04999999999999
1.462387101989474,-19.168079743505654,0.07290755322264626,2.0647978958693196,5.09999999999999
1.4385992746115017,-19.124100924738645,0.07290755322339691,2.068443273530445,5.14999999999999
1.4146512862405134,-19.080209113606173,0.0729075532216763,2.072088651191571,5.1999999999999895
1.390543455115668,-19.036404893376137,0.07290755322239263,2.0757340288526964,5.249999999999989
1.3662761016002312,-18.99268884615246,0.07290755322307628,2.079379406513822,5.299999999999989
1.3418495481773247,-18.949061552867363,0.07290755322179049,2.083024784174948,5.349999999999989
1.3172641194456478,-18.90552359327363,0.0729075532231515,2.0866701618360737,5.399999999999989
1.2925201421151458,-18.862075545936918,0.07290755322243983,2.0903155394971993,5.449999999999989
1.267617945002686,-18.81871798822805,0.07290755322209454,2.093960917158325,5.4999999999999885
1.2425578590276771,-18.775451496315362,0.0729075532227803,2.0976062948194505,5.549999999999988
1.2173402172076728,-18.73227664515703,0.07290755322265664,2.1012516724805765,5.599999999999988
1.1919653546539604,-18.689194008493452,0.07290755322254794,2.104897050141702,5.649999999999988
1.1664336085670859,-18.6462041588396,0.07290755322251782,2.1085424278028277,5.699999999999988
1.1407453182323868,-18.603307667477416,0.07290755322206653,2.1121878054639533,5.749999999999988
1.11490082501548,-18.560505104448236,0.07290755322321571,2.115833183125079,5.799999999999987
1.0889004723577242,-18.5177970385452,0.07290755322160665,2.1194785607862046,5.849999999999987
1.062744605771662,-18.4751840373057,0.0729075532239556,2.12312393844733,5.899999999999987
1.0364335728364142,-18.43266666700383,0.0514156123329039,2.126769316108456,5.949999999999987
1.0100133101110416,-18.390217054484154,0.001964920091028553,2.1276156538648405,5.999999999999987
0.9835888764035401,-18.347770036882938,0.0,2.1276156538648405,6.0499999999999865
0.9571644426960386,-18.305323019281722,0.0,2.1276156538648405,6.099999999999986
0.9307400089885371,-18.262876001680507,9.020562075079839e-13,2.1276156538648405,6.149999999999986
0.9043155752810352,-18.220428984079295,-9.020562075079839e-13,2.1276156538648405,6.199999999999986
0.8778911415735338,-18.17798196647808,0.0,2.1276156538648405,6.249999999999986
0.8514667078660323,-18.135534948876863,0.0,2.1276156538648405,6.299999999999986
0.8250422741585308,-18.093087931275647,9.020562075079839e-13,2.1276156538648405,6.349999999999985
0.7986178404510289,-18.050640913674435,-7.528699885739661e-13,2.1276156538648405,6.399999999999985
0.772193406743527,-18.00819389607322,-3.018418848199541e-13,2.1276156538648405,6.449999999999985
0.745768973036026,-17.965746878472004,1.051242426442004e-12,2.1276156538648405,6.499999999999985
0.719344539328524,-17.92329986087079,-9.020562075079839e-13,2.1276156538648405,6.549999999999985
0.6929201056210226,-17.880852843269576,-1.4918621893400132e-13,2.1276156538648405,6.5999999999999845
0.6664956719135215,-17.83840582566836,3.018418848199541e-13,2.1276156538648405,6.649999999999984
0.6400712382060196,-17.795958808067144,-1.491862189339993e-13,2.1276156538648405,6.699999999999984
0.6136468044985182,-17.75351179046593,9.020562075079839e-13,2.1276156538648405,6.749999999999984
0.5872223707910162,-17.711064772864717,-9.020562075079839e-13,2.1276156538648405,6.799999999999984
0.5607979370835148,-17.6686177552635,1.5265566588595276e-13,2.1276156538648405,6.849999999999984
0.5343735033760129,-17.626170737662285,4.4755865680204147e-13,2.1276156538648405,6.8999999999999835
0.5079490696685118,-17.583723720061073,-4.5102810375399524e-13,2.1276156538648405,6.949999999999983
0.4815246359610099,-17.541276702459857,-1.491862189339993e-13,2.1276156538648405,6.999999999999983
0.45510020225350845,-17.49882968485864,7.494005416220228e-13,2.1276156538648405,7.049999999999983
0.428675768546007,-17.45638266725743,-6.002143226880047e-13,2.1276156538648405,7.099999999999983
0.40225133483850506,-17.413935649656214,-1.491862189339993e-13,2.1276156538648405,7.149999999999983
0.3758269011310036,-17.371488632054998,6.002143226880131e-13,2.1276156538648405,7.199999999999982
0.34940246742350256,-17.329041614453786,-1.2004286453759093e-12,2.1276156538648405,7.249999999999982
0.32297803371600065,-17.286594596852566,1.5022705301958426e-12,2.1276156538648405,7.299999999999982
0.29655360000849873,-17.244147579251354,-1.0547118733939579e-12,2.1276156538648405,7.349999999999982
0.2701291663009977,-17.20170056165014,1.5265566588595486e-13,2.1276156538648405,7.399999999999982
0.24370473259349623,-17.159253544048923,1.0512424264419895e-12,2.1276156538648405,7.4499999999999815
0.21728029888599387,-17.11680652644771,-1.6514567491298287e-12,2.1276156538648405,7.499999999999981
0.19085586517849196,-17.07435950884649,1.0512424264419166e-12,2.1276156538648405,7.549999999999981
0.16443143147099137,-17.03191249124528,4.5449755070599333e-13,2.1276156538648405,7.599999999999981
0.13800699776348946,-16.989465473644067,-1.5022705301958426e-12,2.1276156538648405,7.649999999999981
0.11158256405598754,-16.947018456042848,1.2004286453759093e-12,2.1276156538648405,7.699999999999981
0.08515813034848652,-16.904571438441636,-4.5102810375399524e-13,2.1276156538648405,7.7499999999999805
0.0587336966409846,-16.86212442084042,-1.491862189339993e-13,2.1276156538648405,7.79999999999998
0.03230926293348313,-16.819677403239204,7.494005416220228e-13,2.1276156538648405,7.84999999999998
0.005884829225981658,-16.777230385637992,-6.002143226880047e-13,2.1276156538648405,7.89999999999998
-0.020539604481520257,-16.734783368036776,-1.491862189339993e-13,2.1276156538648405,7.94999999999998
-0.04696403818902173,-16.69233635043556,6.002143226880131e-13,2.1276156538648405,7.99999999999998
-0.07338847189652276,-16.64988933283435,3.469446951953736e-15,2.1276156538648405,8.04999999999998
-0.099812905604026,-16.607442315233133,-6.036837696398912e-13,2.1276156538648405,8.09999999999998
-0.12623733931152747,-16.564995297631917,0.0,2.1276156538648405,8.14999999999998
-0.15266177301902895,-16.5225482800307,3.018418848199499e-13,2.1276156538648405,8.199999999999982
-0.1790862067265313,-16.480101262429486,1.4918621893399506e-13,2.1276156538648405,8.249999999999982
-0.2055106404340341,-16.43765424482827,-4.544975507058982e-13,2.1276156538648405,8.299999999999983
-0.23193507414153558,-16.395207227227054,0.0,2.1276156538648405,8.349999999999984
-0.25835950784903705,-16.35276020962584,6.036837696398912e-13,2.1276156538648405,8.399999999999984
-0.2847839415565403,-16.310313192024623,-6.036837696398912e-13,2.1276156538648405,8.449999999999985
-0.31120837526404177,-16.267866174423407,1.5265566588595276e-13,2.1276156538648405,8.499999999999986
-0.3376328089715437,-16.22541915682219,0.0,2.1276156538648405,8.549999999999986
-0.3640572426790456,-16.182972139220976,3.0184188481994565e-13,2.1276156538648405,8.599999999999987
-0.3904816763865484,-16.14052512161976,-4.544975507058982e-13,2.1276156538648405,8.649999999999988
-0.4169061100940499,-16.098078104018544,1.5265566588595276e-13,2.1276156538648405,8.699999999999989
-0.4433305438015518,-16.05563108641733,6.002143226880047e-13,2.1276156538648405,8.74999999999999
-0.46975497750905326,-16.013184068816116,-5.238864897449868e-13,2.1276156538648405,8.79999999999999
-0.4961794112165565,-15.970737051214899,-2.2898349882891385e-13,2.1276156538648405,8.84999999999999
-0.522603844924058,-15.928290033613683,0.0,2.1276156538648405,8.899999999999991
-0.5490282786315595,-15.885843016012467,8.257283745649517e-13,2.1276156538648405,8.949999999999992
-0.5754527123390623,-15.843395998411253,-9.020562075078769e-13,2.1276156538648405,8.999999999999993
-0.6018771460465646,-15.800948980810036,7.285838599101907e-14,2.1276156538648405,9.049999999999994
-0.6283015797540661,-15.75850196320882,3.7470027081099447e-13,2.1276156538648405,9.099999999999994
-0.6547260134615676,-15.716054945607606,-1.491862189339961e-13,2.1276156538648405,9.149999999999995
-0.6811504471690708,-15.673607928006389,2.9837243786799007e-13,2.1276156538648405,9.199999999999996
-0.7075748808765727,-15.631160910405175,-5.273559366969514e-13,2.1276156538648405,9.249999999999996
-0.7339993145840742,-15.588713892803959,3.018418848199499e-13,2.1276156538648405,9.299999999999997
-0.7604237482915766,-15.546266875202743,0.0,2.1276156538648405,9.349999999999998
-0.7868481819990789,-15.503819857601528,-3.018418848199499e-13,2.1276156538648405,9.399999999999999
-0.8132726157065804,-15.461372840000312,1.5265566588595276e-13,2.1276156538648405,9.45
-0.8396970494140823,-15.418925822399096,5.238864897449905e-13,2.1276156538648405,9.5
-0.8661214831215847,-15.376478804797882,-3.7816971776293753e-13,2.1276156538648405,9.55
-0.892545916829087,-15.334031787196666,-6.765421556308916e-13,2.1276156538648405,9.600000000000001
-0.9189703505365885,-15.291584769595449,1.0512424264418944e-12,2.1276156538648405,9.650000000000002
-0.9453947842440908,-15.249137751994235,-5.273559366969441e-13,2.1276156538648405,9.700000000000003
-0.9718192179515928,-15.20669073439302,1.4918621893399716e-13,2.1276156538648405,9.750000000000004
-0.9982436516590951,-15.164243716791804,-3.018418848199499e-13,2.1276156538648405,9.800000000000004
-1.0246680853665966,-15.121796699190588,3.018418848199499e-13,2.1276156538648405,9.850000000000005
-1.051092519074099,-15.079349681589372,0.0,2.1276156538648405,9.900000000000006
-1.0775169527816013,-15.036902663988156,7.285838599102567e-14,2.1276156538648405,9.950000000000006
-1.1039413864891028,-14.994455646386943,-4.4755865680199457e-13,2.1276156538648405,10.000000000000007
-1.1303658201966051,-14.952008628785725,7.494005416219338e-13,2.1276156538648405,10.050000000000008
-1.1567902539041075,-14.909561611184511,-3.7816971776293753e-13,2.1276156538648405,10.100000000000009
-1.1832146876116099,-14.867114593583295,-3.018418848199499e-13,2.1276156538648405,10.15000000000001
-1.2096391213191113,-14.82466757598208,3.018418848199499e-13,2.1276156538648405,10.20000000000001
-1.2360635550266137,-14.782220558380864,-3.018418848199499e-13,2.1276156538648405,10.25000000000001
-1.2624879887341152,-14.739773540779648,3.018418848199499e-13,2.1276156538648405,10.300000000000011
-1.2889124224416175,-14.697326523178432,3.7470027081098397e-13,2.1276156538648405,10.350000000000012
-1.3153368561491199,-14.654879505577219,-1.0512424264418944e-12,2.1276156538648405,10.400000000000013
-1.3417612898566214,-14.612432487976001,6.765421556308916e-13,2.1276156538648405,10.450000000000014
-1.3681857235641237,-14.569985470374785,7.285838599102567e-14,2.1276156538648405,10.500000000000014
-1.3946101572716252,-14.527538452773571,-7.285838599102567e-14,2.1276156538648405,10.550000000000015
-1.4210345909791275,-14.485091435172356,0.0,2.1276156538648405,10.600000000000016
-1.44745902468663,-14.44264441757114,0.0,2.1276156538648405,10.650000000000016
-1.4738834583941323,-14.400197399969924,0.0,2.1276156538648405,10.700000000000017
-1.5003078921016346,-14.357750382368708,-3.018418848199499e-13,2.1276156538648405,10.750000000000018
-1.526732325809136,-14.315303364767493,6.765421556309527e-13,2.1276156538648405,10.800000000000018
-1.5531567595166385,-14.272856347166279,-1.0512424264418944e-12,2.1276156538648405,10.85000000000002
-1.57958119322414,-14.230409329565061,1.0512424264418944e-12,2.1276156538648405,10.90000000000002
-1.6060056269316423,-14.187962311963847,-6.765421556309527e-13,2.1276156538648405,10.95000000000002
-1.6324300606391438,-14.145515294362632,3.018418848199499e-13,2.1276156538648405,11.000000000000021
-1.6588544943466461,-14.103068276761416,0.0,2.1276156538648405,11.050000000000022
-1.6852789280541485,-14.0606212591602,0.0,2.1276156538648405,11.100000000000023
-1.7117033617616508,-14.018174241558985,0.0,2.1276156538648405,11.150000000000023
-1.7381277954691532,-13.975727223957769,-3.018418848199499e-13,2.1276156538648405,11.200000000000024
-1.7645522291766547,-13.933280206356553,3.018418848199499e-13,2.1276156538648405,11.250000000000025
-1.790976662884157,-13.890833188755337,7.285838599102567e-14,2.1276156538648405,11.300000000000026
-1.8174010965916585,-13.848386171154123,-7.285838599102567e-14,2.1276156538648405,11.350000000000026
-1.8438255302991609,-13.805939153552908,-3.7470027081095004e-13,2.1276156538648405,11.400000000000027
-1.8702499640066632,-13.76349213595169,4.4755865680199457e-13,2.1276156538648405,11.450000000000028
-1.8966743977141647,-13.721045118350476,-7.285838599102567e-14,2.1276156538648405,11.500000000000028
-1.923098831421667,-13.67859810074926,-3.018418848199499e-13,2.1276156538648405,11.55000000000003
-1.9495232651291685,-13.636151083148045,6.036837696398912e-13,2.1276156538648405,11.60000000000003
-1.9759476988366718,-13.593704065546829,-6.036837696398912e-13,2.1276156538648405,11.65000000000003
-2.0023721325441732,-13.551257047945613,3.018418848199499e-13,2.1276156538648405,11.700000000000031
-2.0287965662516756,-13.508810030344398,7.285838599102567e-14,2.1276156538648405,11.750000000000032
-2.055220999959177,-13.466363012743184,-4.4755865680199457e-13,2.1276156538648405,11.800000000000033
-2.0816454336666794,-13.423915995141966,7.494005416219338e-13,2.1276156538648405,11.850000000000033
-2.108069867374182,-13.381468977540752,-6.765421556309527e-13,2.1276156538648405,11.900000000000034
-2.1344943010816833,-13.339021959939537,-7.285838599101907e-14,2.1276156538648405,11.950000000000035
-2.1609187347891856,-13.296574942338319,4.4755865680199457e-13,2.1276156538648405,12.000000000000036
-2.187343168496687,-13.254127924737105,3.018418848199772e-13,2.1276156538648405,12.050000000000036
-2.2137676022041894,-13.211680907135891,-7.528699885738872e-13,2.1276156538648405,12.100000000000037
-2.240192035911692,-13.169233889534674,3.7470027081095004e-13,2.1276156538648405,12.150000000000038
-2.266616469619194,-13.126786871933458,3.7470027081098397e-13,2.1276156538648405,12.200000000000038
-2.2930409033266965,-13.084339854332244,-1.0512424264418944e-12,2.1276156538648405,12.250000000000039
-2.319465337034198,-13.041892836731027,7.528699885739084e-13,2.1276156538648405,12.30000000000004
-2.3458897707416995,-12.999445819129813,2.2551405187698106e-13,2.1276156538648405,12.35000000000004
-2.3723142044492027,-12.956998801528597,-6.036837696398912e-13,2.1276156538648405,12.400000000000041
-2.398738638156704,-12.914551783927381,0.0,2.1276156538648405,12.450000000000042
-2.4251630718642057,-12.872104766326165,0.0,2.1276156538648405,12.500000000000043
-2.451587505571707,-12.82965774872495,3.018418848199499e-13,2.1276156538648405,12.550000000000043
-2.4780119392792095,-12.787210731123734,6.765421556309337e-13,2.1276156538648405,12.600000000000044
-2.5044363729867127,-12.74476371352252,-1.3565537582137783e-12,2.1276156538648405,12.650000000000045
-2.530860806694214,-12.702316695921303,6.765421556308916e-13,2.1276156538648405,12.700000000000045
-2.5572852404017166,-12.659869678320087,3.7470027081098397e-13,2.1276156538648405,12.750000000000046
-2.583709674109219,-12.617422660718873,-6.765421556309527e-13,2.1276156538648405,12.800000000000047
-2.6101341078167204,-12.574975643117657,0.0,2.1276156538648405,12.850000000000048
-2.636558541524222,-12.532528625516441,3.018418848199499e-13,2.1276156538648405,12.900000000000048
-2.6629829752317242,-12.490081607915226,0.0,2.1276156538648405,12.950000000000049
-2.6894074089392266,-12.44763459031401,7.285838599102567e-14,2.1276156538648405,13.00000000000005
-2.715831842646728,-12.405187572712796,-4.4755865680199457e-13,2.1276156538648405,13.05000000000005
-2.7422562763542304,-12.362740555111579,3.7470027081095004e-13,2.1276156538648405,13.100000000000051
-2.7686807100617328,-12.320293537510363,3.7470027081098397e-13,2.1276156538648405,13.150000000000052
-2.795105143769235,-12.277846519909149,-1.0512424264418944e-12,2.1276156538648405,13.200000000000053
-2.8215295774767366,-12.235399502307931,7.528699885739084e-13,2.1276156538648405,13.250000000000053
-2.847954011184238,-12.192952484706717,2.2551405187698106e-13,2.1276156538648405,13.300000000000054
-2.8743784448917413,-12.150505467105502,-6.036837696398912e-13,2.1276156538648405,13.350000000000055
-2.900802878599243,-12.108058449504286,0.0,2.1276156538648405,13.400000000000055
-2.9272273123067443,-12.06561143190307,6.036837696398912e-13,2.1276156538648405,13.450000000000056
-2.9536517460142475,-12.023164414301855,-6.036837696398912e-13,2.1276156538648405,13.500000000000057
-2.980076179721749,-11.980717396700639,6.765421556309527e-13,2.1276156538648405,13.550000000000058
-3.0065006134292513,-11.938270379099425,-6.765421556309527e-13,2.1276156538648405,13.600000000000058
-3.032925047136753,-11.89582336149821,2.2898349882891385e-13,2.1276156538648405,13.650000000000059
-3.059349480844256,-11.853376343896992,1.4571677198204268e-13,2.1276156538648405,13.70000000000006
-3.0857739145517575,-11.810929326295778,-4.4755865680199457e-13,2.1276156538648405,13.75000000000006
-3.11219834825926,-11.76848230869456,4.4755865680199457e-13,2.1276156538648405,13.800000000000061
-3.1386227819667614,-11.726035291093346,-7.285838599102567e-14,2.1276156538648405,13.850000000000062
-3.1650472156742637,-11.68358827349213,-6.036837696399082e-13,2.1276156538648405,13.900000000000063
-3.1914716493817643,-11.641141255890915,6.036837696399082e-13,2.1276156538648405,13.950000000000063
-3.2178960830892667,-11.5986942382897,3.018418848199414e-13,2.1276156538648405,14.000000000000064
-3.24432051679677,-11.556247220688483,-6.036837696398912e-13,2.1276156538648405,14.050000000000065
-3.2707449505042714,-11.513800203087268,6.765421556309527e-13,2.1276156538648405,14.100000000000065
-3.2971693842117737,-11.471353185486054,-4.510281037539353e-13,2.1276156538648405,14.150000000000066
-3.323593817919277,-11.428906167884836,-5.308253836488532e-13,2.1276156538648405,14.200000000000067
-3.3500182516267776,-11.38645915028362,9.7838404045093e-13,2.1276156538648405,14.250000000000068
-3.37644268533428,-11.344012132682407,-7.528699885738872e-13,2.1276156538648405,14.300000000000068
-3.4028671190417823,-11.301565115081189,8.22258927613004e-13,2.1276156538648405,14.350000000000069
-3.4292915527492838,-11.259118097479977,-8.257283745649577e-13,2.1276156538648405,14.40000000000007
-3.455715986456786,-11.21667107987876,-2.2551405187696702e-13,2.1276156538648405,14.45000000000007
-3.4821404201642867,-11.174224062277544,1.2802259252708798e-12,2.1276156538648405,14.500000000000071
-3.50856485387179,-11.13177704467633,-1.054711873393818e-12,2.1276156538648405,14.550000000000072
-3.5349892875792923,-11.089330027075112,7.285838599101907e-14,2.1276156538648405,14.600000000000072
-3.561413721286794,-11.046883009473897,6.765421556309527e-13,2.1276156538648405,14.650000000000073
-3.587838154994296,-11.004435991872683,-4.510281037539353e-13,2.1276156538648405,14.700000000000074
-3.6142625887017994,-10.961988974271465,-5.308253836488532e-13,2.1276156538648405,14.750000000000075
-3.6406870224093,-10.91954195667025,9.7838404045093e-13,2.1276156538648405,14.800000000000075
-3.6671114561168023,-10.877094939069035,-4.510281037539353e-13,2.1276156538648405,14.850000000000076
-3.6935358898243056,-10.834647921467818,2.1857515797307704e-13,2.1276156538648405,14.900000000000077
-3.719960323531806,-10.792200903866606,-5.238864897450015e-13,2.1276156538648405,14.950000000000077
-3.7463847572393085,-10.749753886265388,4.4755865680199457e-13,2.1276156538648405,15.000000000000078
-3.77280919094681,-10.707306868664174,-7.285838599102567e-14,2.1276156538648405,15.050000000000079
-3.7992336246543124,-10.664859851062959,-7.285838599101701e-14,2.1276156538648405,15.10000000000008
-3.8256580583618156,-10.622412833461741,-1.561251128379051e-13,2.1276156538648405,15.15000000000008
-3.852082492069316,-10.579965815860527,2.2898349882894106e-13,2.1276156538648405,15.200000000000081
-3.8785069257768185,-10.537518798259311,-7.285838599101701e-14,2.1276156538648405,15.250000000000082
-3.904931359484322,-10.495071780658094,-7.979727989493401e-14,2.1276156538648405,15.300000000000082
-3.9313557931918215,-10.452624763056882,7.979727989493401e-14,2.1276156538648405,15.350000000000083
-3.9577802268993247,-10.410177745455664,1.4571677198204268e-13,2.1276156538648405,15.400000000000084
-3.984204660606826,-10.36773072785445,2.2551405187698106e-13,2.1276156538648405,15.450000000000085
-4.0106290943143295,-10.325283710253235,-9.78384040450814e-13,2.1276156538648405,15.500000000000085
-4.037053528021831,-10.282836692652017,1.0512424264418944e-12,2.1276156538648405,15.550000000000086
-4.063477961729333,-10.240389675050803,-6.765421556309527e-13,2.1276156538648405,15.600000000000087
-4.089902395436835,-10.197942657449588,2.2898349882891385e-13,2.1276156538648405,15.650000000000087
-4.116326829144338,-10.15549563984837,-4.5449755070590786e-13,2.1276156538648405,15.700000000000088
-4.142751262851838,-10.113048622247156,1.4328815911568184e-12,2.1276156538648405,15.750000000000089
-4.169175696559343,-10.07060160464594,-1.5820678100906332e-12,2.1276156538648405,15.80000000000009
-4.195600130266844,-10.028154587044723,1.1275702593849371e-12,2.1276156538648405,15.85000000000009
-4.222024563974346,-9.98570756944351,-1.1275702593849371e-12,2.1276156538648405,15.900000000000091
-4.248448997681847,-9.943260551842293,7.528699885739084e-13,2.1276156538648405,15.950000000000092
-4.274873431389349,-9.90081353424108,-7.285838599102567e-14,2.1276156538648405,16.000000000000092
-4.301297865096851,-9.858366516639864,-3.7470027081095004e-13,2.1276156538648405,16.050000000000093
-4.327722298804353,-9.815919499038646,7.494005416219338e-13,2.1276156538648405,16.100000000000094
-4.354146732511856,-9.773472481437432,-7.632783294297713e-14,2.1276156538648405,16.150000000000095
-4.380571166219359,-9.731025463836216,-9.78384040450814e-13,2.1276156538648405,16.200000000000095
-4.40699559992686,-9.688578446234999,7.528699885739084e-13,2.1276156538648405,16.250000000000096
-4.433420033634362,-9.646131428633785,-3.7470027081099447e-13,2.1276156538648405,16.300000000000097
-4.459844467341863,-9.60368441103257,2.2898349882891385e-13,2.1276156538648405,16.350000000000097
-4.486268901049367,-9.561237393431352,-7.979727989493401e-14,2.1276156538648405,16.400000000000098
-4.512693334756866,-9.51879037583014,6.834810495348503e-13,2.1276156538648405,16.4500000000001
-4.539117768464371,-9.476343358228922,-7.598088824777833e-13,2.1276156538648405,16.5000000000001
-4.565542202171872,-9.433896340627708,2.2898349882894106e-13,2.1276156538648405,16.5500000000001
-4.591966635879374,-9.391449323026492,-3.7470027081095004e-13,2.1276156538648405,16.6000000000001
-4.618391069586877,-9.349002305425275,4.4755865680199457e-13,2.1276156538648405,16.6500000000001
-4.644815503294378,-9.306555287824061,-3.7470027081099447e-13,2.1276156538648405,16.700000000000102
-4.67123993700188,-9.264108270222845,2.2898349882891385e-13,2.1276156538648405,16.750000000000103
-4.697664370709383,-9.221661252621628,8.985867605560112e-13,2.1276156538648405,16.800000000000104
-4.724088804416884,-9.179214235020417,-1.2732870313669546e-12,2.1276156538648405,16.850000000000104
-4.7505132381243875,-9.136767217419198,-7.979727989492679e-14,2.1276156538648405,16.900000000000105
-4.776937671831887,-9.094320199817984,1.2073675392799256e-12,2.1276156538648405,16.950000000000106
-4.8033621055393905,-9.05187318221677,-1.7312540290246669e-12,2.1276156538648405,17.000000000000107
-4.829786539246892,-9.009426164615551,1.4294121442047552e-12,2.1276156538648405,17.050000000000107
-4.856210972954394,-8.966979147014337,-2.9837243786802344e-13,2.1276156538648405,17.100000000000108
-4.882635406661896,-8.924532129413123,-2.2204460492500425e-13,2.1276156538648405,17.15000000000011
-4.9090598403694,-8.882085111811904,-7.979727989492454e-14,2.1276156538648405,17.20000000000011
-4.9354842740769005,-8.83963809421069,9.055256544599316e-13,2.1276156538648405,17.25000000000011
-4.961908707784404,-8.797191076609476,-1.7312540290246669e-12,2.1276156538648405,17.30000000000011
-4.988333141491905,-8.754744059008257,2.1788126858268624e-12,2.1276156538648405,17.35000000000011
-5.014757575199408,-8.712297041407046,-2.1024848528840077e-12,2.1276156538648405,17.400000000000112
-5.041182008906908,-8.669850023805829,9.818534874027949e-13,2.1276156538648405,17.450000000000113
-5.0676064426144105,-8.627403006204613,3.7470027081098397e-13,2.1276156538648405,17.500000000000114
-5.094030876321913,-8.584955988603399,-5.238864897449247e-13,2.1276156538648405,17.550000000000114
-5.120455310029417,-8.54250897100218,-6.834810495348078e-13,2.1276156538648405,17.600000000000115
-5.146879743736916,-8.500061953400966,1.811051308919888e-12,2.1276156538648405,17.650000000000116
-5.17330417744442,-8.457614935799752,-2.3349377986645307e-12,2.1276156538648405,17.700000000000117
-5.1997286111519205,-8.415167918198533,2.4806545706468616e-12,2.1276156538648405,17.750000000000117
-5.226153044859423,-8.372720900597322,-1.4988010832440031e-12,2.1276156538648405,17.800000000000118
-5.252577478566925,-8.330273882996105,2.255140518769339e-13,2.1276156538648405,17.85000000000012
-5.279001912274429,-8.287826865394885,6.730727086789897e-13,2.1276156538648405,17.90000000000012
-5.30542634598193,-8.245379847793675,-8.985867605560366e-13,2.1276156538648405,17.95000000000012
-5.331850779689432,-8.202932830192458,3.7470027081095004e-13,2.1276156538648405,18.00000000000012
-5.358275213396935,-8.160485812591242,-2.2898349882894106e-13,2.1276156538648405,18.05000000000012
-5.384699647104435,-8.118038794990028,-1.457167719820468e-13,2.1276156538648405,18.100000000000122
-5.411124080811938,-8.07559177738881,-2.2551405187696702e-13,2.1276156538648405,18.150000000000123
-5.437548514519438,-8.033144759787595,1.582067810090821e-12,2.1276156538648405,18.200000000000124
-5.463972948226942,-7.990697742186381,-1.7312540290246184e-12,2.1276156538648405,18.250000000000124
-5.490397381934445,-7.9482507245851615,8.985867605559553e-13,2.1276156538648405,18.300000000000125
-5.516821815641945,-7.905803706983949,4.544975507059363e-13,2.1276156538648405,18.350000000000126
-5.543246249349449,-7.863356689382734,-1.2073675392797824e-12,2.1276156538648405,18.400000000000126
-5.56967068305695,-7.820909671781518,6.036837696399082e-13,2.1276156538648405,18.450000000000127
-5.596095116764452,-7.778462654180302,-6.036837696399082e-13,2.1276156538648405,18.500000000000128
-5.622519550471953,-7.736015636579086,6.036837696399082e-13,2.1276156538648405,18.55000000000013
-5.648943984179455,-7.693568618977871,0.0,2.1276156538648405,18.60000000000013
-5.675368417886958,-7.651121601376655,6.036837696398741e-13,2.1276156538648405,18.65000000000013
-5.701792851594462,-7.608674583775439,-1.2073675392797824e-12,2.1276156538648405,18.70000000000013
-5.728217285301962,-7.5662275661742235,6.036837696399082e-13,2.1276156538648405,18.75000000000013
-5.754641719009465,-7.523780548573008,0.0,2.1276156538648405,18.800000000000132
-5.781066152716967,-7.481333530971792,1.4918621893401382e-13,2.1276156538648405,18.850000000000133
-5.807490586424468,-7.43888651337058,-2.9490299091603883e-13,2.1276156538648405,18.900000000000134
-5.833915020131972,-7.396439495769361,-3.0878077872386106e-13,2.1276156538648405,18.950000000000134
-5.860339453839471,-7.3539924781681485,1.0581813203459117e-12,2.1276156538648405,19.000000000000135
-5.886763887546975,-7.311545460566933,-1.3530843112616646e-12,2.1276156538648405,19.050000000000136
-5.913188321254477,-7.2690984429657135,8.985867605559553e-13,2.1276156538648405,19.100000000000136
-5.939612754961978,-7.226651425364501,-1.4918621893401382e-13,2.1276156538648405,19.150000000000137
-5.96603718866948,-7.184204407763286,-1.4571677198202542e-13,2.1276156538648405,19.200000000000138
-5.992461622376984,-7.141757390162066,1.047772979490021e-12,2.1276156538648405,19.25000000000014
-6.018886056084485,-7.099310372560858,-1.651456749130013e-12,2.1276156538648405,19.30000000000014
-6.045310489791987,-7.0568633549596385,0.0,2.1276156538648405,19.35000000000014
-6.0717349234994895,-7.014416337358419,1.651456749130013e-12,2.1276156538648405,19.40000000000014
-6.09815935720699,-6.971969319757211,-1.047772979490021e-12,2.1276156538648405,19.45000000000014
-6.124583790914494,-6.929522302155991,-4.54497550705854e-13,2.1276156538648405,19.500000000000142
-6.151008224621995,-6.887075284554776,1.3530843112619855e-12,2.1276156538648405,19.550000000000143
-6.177432658329497,-6.844628266953563,-1.502270530195821e-12,2.1276156538648405,19.600000000000144
-6.2038570920369995,-6.802181249352344,1.491862189339868e-13,2.1276156538648405,19.650000000000144
-6.2302815257445,-6.759734231751128,6.036837696399082e-13,2.1276156538648405,19.700000000000145
-6.2567059594520025,-6.717287214149913,6.036837696398741e-13,2.1276156538648405,19.750000000000146
-6.283130393159507,-6.674840196548697,-4.544975507059363e-13,2.1276156538648405,19.800000000000146
-6.309554826867007,-6.632393178947485,-8.985867605559553e-13,2.1276156538648405,19.850000000000147
-6.3359792605745096,-6.5899461613462655,1.3565537582136176e-12,2.1276156538648405,19.900000000000148
-6.362403694282014,-6.54749914374505,-1.0581813203459117e-12,2.1276156538648405,19.95000000000015
-6.3888281279895125,-6.505052126143838,3.0878077872386106e-13,2.1276156538648405,20.00000000000015
-6.415252561697017,-6.462605108542618,2.9490299091603883e-13,2.1276156538648405,20.05000000000015
-6.441676995404517,-6.420158090941406,-1.4918621893401382e-13,2.1276156538648405,20.10000000000015
-6.46810142911202,-6.3777110733401905,-7.494005416218661e-13,2.1276156538648405,20.15000000000015
-6.494525862819522,-6.335264055738971,2.2551405187699126e-12,2.1276156538648405,20.200000000000152
-6.520950296527024,-6.292817038137763,-2.251671071817959e-12,2.1276156538648405,20.250000000000153
-6.547374730234527,-6.250370020536543,0.0,2.1276156538648405,20.300000000000153
-6.573799163942029,-6.207923002935324,2.2551405187699126e-12,2.1276156538648405,20.350000000000154
-6.600223597649531,-6.1654759853341154,-2.855354841457985e-12,2.1276156538648405,20.400000000000155
-6.626648031357032,-6.123028967732896,1.3530843112617407e-12,2.1276156538648405,20.450000000000156
-6.653072465064534,-6.0805819501316805,1.4918621893401382e-13,2.1276156538648405,20.500000000000156
-6.679496898772035,-6.038134932530468,-2.9490299091603883e-13,2.1276156538648405,20.550000000000157
-6.705921332479539,-5.995687914929249,-4.54497550705854e-13,2.1276156538648405,20.600000000000158
-6.73234576618704,-5.953240897328033,1.3530843112619855e-12,2.1276156538648405,20.65000000000016
-6.758770199894542,-5.910793879726821,-1.502270530195821e-12,2.1276156538648405,20.70000000000016
-6.785194633602044,-5.868346862125602,1.502270530195821e-12,2.1276156538648405,20.75000000000016
-6.811619067309547,-5.82589984452439,-7.494005416220018e-13,2.1276156538648405,20.80000000000016
-6.838043501017049,-5.783452826923174,-7.494005416218661e-13,2.1276156538648405,20.85000000000016
-6.864467934724551,-5.741005809321955,1.502270530195821e-12,2.1276156538648405,20.900000000000162
-6.890892368432054,-5.6985587917207425,-1.3530843112619855e-12,2.1276156538648405,20.950000000000163
-6.917316802139554,-5.656111774119527,6.036837696399082e-13,2.1276156538648405,21.000000000000163
-6.943741235847057,-5.613664756518311,0.0,2.1276156538648405,21.050000000000164
-6.970165669554559,-5.571217738917095,0.0,2.1276156538648405,21.100000000000165
-6.996590103262061,-5.52877072131588,-6.036837696399082e-13,2.1276156538648405,21.150000000000166
-7.023014536969562,-5.486323703714664,6.036837696399082e-13,2.1276156538648405,21.200000000000166
-7.049438970677064,-5.443876686113448,0.0,2.1276156538648405,21.250000000000167
-7.075863404384567,-5.4014296685122325,7.528699885739555e-13,2.1276156538648405,21.300000000000168
-7.102287838092069,-5.35898265091102,-1.502270530195821e-12,2.1276156538648405,21.35000000000017
-7.1287122717995715,-5.316535633309801,7.528699885738192e-13,2.1276156538648405,21.40000000000017
-7.155136705507074,-5.274088615708585,7.528699885739555e-13,2.1276156538648405,21.45000000000017
-7.181561139214576,-5.231641598107373,-2.1059542998357715e-12,2.1276156538648405,21.50000000000017
-7.207985572922077,-5.189194580506154,1.3530843112617407e-12,2.1276156538648405,21.55000000000017
-7.234410006629579,-5.146747562904938,7.528699885739555e-13,2.1276156538648405,21.600000000000172
-7.2608344403370815,-5.104300545303726,-1.502270530195821e-12,2.1276156538648405,21.650000000000173
-7.287258874044584,-5.061853527702507,8.985867605559553e-13,2.1276156538648405,21.700000000000173
-7.313683307752084,-5.019406510101295,4.544975507059363e-13,2.1276156538648405,21.750000000000174
-7.3401077414595886,-4.976959492500079,-1.9567680809015387e-12,2.1276156538648405,21.800000000000175
-7.366532175167089,-4.93451247489886,2.1059542998357715e-12,2.1276156538648405,21.850000000000176
-7.3929566088745915,-4.892065457297647,-7.494005416220018e-13,2.1276156538648405,21.900000000000176
-7.419381042582094,-4.849618439696432,-6.036837696399082e-13,2.1276156538648405,21.950000000000177
-7.445805476289594,-4.807171422095216,1.2073675392797824e-12,2.1276156538648405,22.000000000000178
-7.472229909997099,-4.764724404494,-1.2073675392797824e-12,2.1276156538648405,22.05000000000018
-7.498654343704599,-4.7222773868927845,6.036837696399082e-13,2.1276156538648405,22.10000000000018
-7.5250787774121015,-4.679830369291569,0.0,2.1276156538648405,22.15000000000018
-7.551503211119604,-4.637383351690353,0.0,2.1276156538648405,22.20000000000018
-7.577927644827106,-4.594936334089137,0.0,2.1276156538648405,22.25000000000018
-7.604352078534609,-4.552489316487922,0.0,2.1276156538648405,22.300000000000182
-7.630776512242111,-4.510042298886706,0.0,2.1276156538648405,22.350000000000183
-7.657200945949613,-4.46759528128549,-6.036837696399082e-13,2.1276156538648405,22.400000000000183
-7.683625379657114,-4.4251482636842745,1.2073675392797824e-12,2.1276156538648405,22.450000000000184
-7.710049813364618,-4.382701246083059,-1.0581813203459117e-12,2.1276156538648405,22.500000000000185
-7.736474247072117,-4.340254228481847,1.0581813203459117e-12,2.1276156538648405,22.550000000000185
-7.762898680779621,-4.297807210880631,-1.9567680809015387e-12,2.1276156538648405,22.600000000000186
-7.789323114487122,-4.255360193279412,1.3530843112617407e-12,2.1276156538648405,22.650000000000187
-7.815747548194624,-4.212913175678196,7.528699885739555e-13,2.1276156538648405,22.700000000000188
-7.842171981902126,-4.170466158076984,-1.502270530195821e-12,2.1276156538648405,22.75000000000019
-7.868596415609629,-4.1280191404757645,7.528699885738192e-13,2.1276156538648405,22.80000000000019
-7.895020849317131,-4.085572122874549,7.528699885739555e-13,2.1276156538648405,22.85000000000019
-7.921445283024633,-4.043125105273337,-1.502270530195821e-12,2.1276156538648405,22.90000000000019
-7.947869716732136,-4.000678087672117,8.985867605559553e-13,2.1276156538648405,22.95000000000019
-7.974294150439636,-3.958231070070905,4.544975507059363e-13,2.1276156538648405,23.000000000000192
-8.00071858414714,-3.9157840524696894,-1.8110513089197246e-12,2.1276156538648405,23.050000000000193
-8.02714301785464,-3.8733370348684737,1.8110513089197246e-12,2.1276156538648405,23.100000000000193
-8.053567451562143,-3.830890017267258,-6.036837696398741e-13,2.1276156538648405,23.150000000000194
-8.079991885269646,-3.7884429996660423,-6.036837696399082e-13,2.1276156538648405,23.200000000000195
-8.106416318977146,-3.7459959820648265,6.036837696399082e-13,2.1276156538648405,23.250000000000195
-8.132840752684649,-3.703548964463611,0.0,2.1276156538648405,23.300000000000196
-8.159265186392151,-3.661101946862395,0.0,2.1276156538648405,23.350000000000197
-8.185689620099653,-3.6186549292611794,0.0,2.1276156538648405,23.400000000000198
-8.212114053807156,-3.5762079116599637,1.4918621893401382e-13,2.1276156538648405,23.4500000000002
-8.238538487514656,-3.5337608940587515,-1.4918621893401382e-13,2.1276156538648405,23.5000000000002
-8.264962921222159,-3.4913138764575358,-1.4571677198202542e-13,2.1276156538648405,23.5500000000002
-8.291387354929663,-3.4488668588563165,-3.0878077872386106e-13,2.1276156538648405,23.6000000000002
-8.317811788637162,-3.4064198412551043,1.0581813203459117e-12,2.1276156538648405,23.6500000000002
-8.344236222344666,-3.3639728236538886,-1.3530843112616646e-12,2.1276156538648405,23.700000000000202
-8.370660656052168,-3.3215258060526693,8.985867605559553e-13,2.1276156538648405,23.750000000000203
-8.397085089759669,-3.279078788451457,4.544975507059363e-13,2.1276156538648405,23.800000000000203
-8.423509523467173,-3.2366317708502415,-1.3530843112616646e-12,2.1276156538648405,23.850000000000204
-8.449933957174675,-3.194184753249022,8.985867605559553e-13,2.1276156538648405,23.900000000000205
-8.476358390882176,-3.15173773564781,-1.4918621893401382e-13,2.1276156538648405,23.950000000000205
-8.502782824589678,-3.1092907180465943,-6.036837696399082e-13,2.1276156538648405,24.000000000000206
-8.529207258297179,-3.0668437004453786,6.036837696399082e-13,2.1276156538648405,24.050000000000207
-8.555631692004681,-3.024396682844163,6.036837696398741e-13,2.1276156538648405,24.100000000000207
-8.582056125712185,-2.981949665242947,-1.2073675392797824e-12,2.1276156538648405,24.150000000000208
-8.608480559419686,-2.9395026476417314,6.036837696399082e-13,2.1276156538648405,24.20000000000021
-8.634904993127188,-2.8970556300405157,0.0,2.1276156538648405,24.25000000000021
-8.66132942683469,-2.8546086124393,-6.036837696399082e-13,2.1276156538648405,24.30000000000021
-8.687753860542191,-2.8121615948380843,1.2073675392797824e-12,2.1276156538648405,24.35000000000021
-8.714178294249695,-2.7697145772368685,-6.036837696398741e-13,2.1276156538648405,24.40000000000021
-8.740602727957198,-2.727267559635653,-0.0036771366313057678,2.1276156538648405,24.450000000000212
-8.767019355616245,-2.684815686734037,-0.05593224471856468,2.1264578735710957,24.500000000000213
-8.79331714555798,-2.642290124119455,-0.07290755322300535,2.1228124959099697,24.550000000000214
-8.81945973937451,-2.599668978897288,-0.07290755322105763,2.1191671182488445,24.600000000000215
-8.845446789663102,-2.5569528174498437,-0.07290755322384891,2.1155217405877185,24.650000000000215
-8.87127795108798,-2.5141422074220934,-0.07290755190576723,2.1118763629265924,24.700000000000216
-8.871475529067393,-2.513813392860346,-0.0005544601300317323,2.111848394913139,24.74996721311497
-8.897257508028948,-2.4709049742602356,8.989030864255447e-14,2.111848394913139,24.799934426229726
-8.923039486990504,-2.4279965556601257,-8.989030864255447e-14,2.111848394913139,24.84990163934448
-8.94882146595206,-2.3850881370600154,8.989030864255447e-14,2.111848394913139,24.899868852459235
-8.974603444913615,-2.3421797184599056,5.151406149130864e-13,2.111848394913139,24.94983606557399
-9.000385423875173,-2.2992712998597953,-6.084882431188067e-13,2.111848394913139,24.999803278688745
-9.026167402836728,-2.256362881259685,8.989030864255447e-14,2.111848394913139,25.0497704918035
-9.051949381798284,-2.213454462659575,-8.989030864255447e-14,2.111848394913139,25.099737704918255
-9.07773136075984,-2.170546044059465,8.989030864255447e-14,2.111848394913139,25.14970491803301
-9.103513339721395,-2.127637625459355,-8.989030864255447e-14,2.111848394913139,25.199672131147764
-9.129295318682951,-2.0847292068592447,8.989030864255447e-14,2.111848394913139,25.24963934426252
-9.155077297644507,-2.041820788259135,-8.989030864255447e-14,2.111848394913139,25.299606557377274
-9.180859276606062,-1.9989123696590245,0.0,2.111848394913139,25.34957377049203
-9.206641255567618,-1.9560039510589142,6.983785517613654e-13,2.111848394913139,25.399540983606784
-9.232423234529175,-1.9130955324588044,-7.018358713245405e-13,2.111848394913139,25.44950819672154
-9.258205213490731,-1.870187113858694,4.494515432127697e-14,2.111848394913139,25.499475409836293
-9.283987192452287,-1.827278695258584,0.0,2.111848394913139,25.549442622951048
-9.309769171413842,-1.784370276658474,-4.494515432127697e-14,2.111848394913139,25.599409836065803
-9.335551150375398,-1.7414618580583636,8.989030864255447e-14,2.111848394913139,25.649377049180558
-9.361333129336954,-1.6985534394582538,-8.989030864255447e-14,2.111848394913139,25.699344262295313
-9.38711510829851,-1.6556450208581435,4.494515432127697e-14,2.111848394913139,25.749311475410067
-9.412897087260065,-1.6127366022580334,0.0,2.111848394913139,25.799278688524822
-9.43867906622162,-1.5698281836579233,5.635430887975343e-13,2.111848394913139,25.849245901639577
-9.464461045183178,-1.526919765057813,-5.185979344762614e-13,2.111848394913139,25.899213114754332
-9.490243024144734,-1.4840113464577032,-8.989030864255447e-14,2.111848394913139,25.949180327869087
-9.51602500310629,-1.4411029278575929,4.494515432127697e-14,2.111848394913139,25.99914754098384
-9.541806982067845,-1.3981945092574828,0.0,2.111848394913139,26.049114754098596
-9.5675889610294,-1.3552860906573727,0.0,2.111848394913139,26.09908196721335
-9.593370939990956,-1.3123776720572626,0.0,2.111848394913139,26.149049180328106
-9.619152918952512,-1.2694692534571526,-4.494515432127697e-14,2.111848394913139,26.19901639344286
-9.644934897914068,-1.2265608348570423,4.494515432127697e-14,2.111848394913139,26.248983606557616
-9.670716876875623,-1.1836524162569322,6.084882431188134e-13,2.111848394913139,26.29895081967237
-9.69649885583718,-1.140743997656822,-6.084882431188134e-13,2.111848394913139,26.348918032787125
-9.722280834798736,-1.097835579056712,0.0,2.111848394913139,26.39888524590188
-9.748062813760292,-1.054927160456602,-4.494515432127697e-14,2.111848394913139,26.448852459016635
-9.773844792721848,-1.0120187418564917,4.494515432127697e-14,2.111848394913139,26.49881967213139
-9.799626771683403,-0.9691103232563816,0.0,2.111848394913139,26.548786885246145
-9.825408750644959,-0.9262019046562715,0.0,2.111848394913139,26.5987540983609
-9.851190729606515,-0.8832934860561614,0.0,2.111848394913139,26.648721311475654
-9.87697270856807,-0.8403850674560513,-4.494515432127697e-14,2.111848394913139,26.69868852459041
-9.902754687529626,-0.797476648855941,6.534333974400857e-13,2.111848394913139,26.748655737705164
-9.928536666491183,-0.754568230255831,-6.084882431188134e-13,2.111848394913139,26.79862295081992
-9.954318645452739,-0.7116598116557209,0.0,2.111848394913139,26.848590163934674
-9.980100624414295,-0.6687513930556108,0.0,2.111848394913139,26.89855737704943
-10.00588260337585,-0.6258429744555007,0.0,2.111848394913139,26.948524590164183
-10.031664582337406,-0.5829345558553907,-4.494515432127697e-14,2.111848394913139,26.998491803278938
-10.057446561298962,-0.5400261372552804,4.494515432127697e-14,2.111848394913139,27.048459016393693
-10.083228540260517,-0.4971177186551703,6.534333974400932e-13,2.111848394913139,27.098426229508448
-10.109010519222075,-0.45420930005506044,-1.3068667948802147e-12,2.111848394913139,27.148393442623203
-10.134792498183629,-0.41130088145495014,1.2135191666744714e-12,2.111848394913139,27.198360655737957
-10.160574477145186,-0.36839246285483984,-5.185979344762614e-13,2.111848394913139,27.248327868852712
-10.186356456106742,-0.32548404425473,-8.989030864255447e-14,2.111848394913139,27.298295081967467
-10.212138435068297,-0.2825756256546197,8.989030864255447e-14,2.111848394913139,27.348262295082222
-10.237920414029853,-0.23966720705450983,-8.989030864255447e-14,2.111848394913139,27.398229508196977
-10.263702392991409,-0.19675878845439954,0.0,2.111848394913139,27.44819672131173
-10.289484371952964,-0.15385036985428924,8.989030864255447e-14,2.111848394913139,27.498163934426486
-10.31526635091452,-0.11094195125417938,5.151406149130864e-13,2.111848394913139,27.54813114754124
-10.341048329876077,-0.06803353265406908,-5.185979344762614e-13,2.111848394913139,27.598098360655996
-10.366830308837633,-0.02512511405395923,-8.989030864255447e-14,2.111848394913139,27.64806557377075
-10.392612287799189,0.01778330454615107,0.0,2.111848394913139,27.698032786885506
-10.418394266760744,0.06069172314626137,8.989030864255447e-14,2.111848394913139,27.74800000000026
-10.4441762457223,0.10360014174637122,-8.989030864255447e-14,2.111848394913139,27.797967213115015
-10.469958224683856,0.14650856034648152,8.989030864255447e-14,2.111848394913139,27.84793442622977
-10.495740203645411,0.18941697894659137,-8.989030864255447e-14,2.111848394913139,27.897901639344525
-10.521522182606967,0.23232539754670167,0.0,2.111848394913139,27.94786885245928
-10.547304161568523,0.27523381614681197,6.983785517613654e-13,2.111848394913139,27.997836065574035
-10.57308614053008,0.3181422347469218,-7.018358713245405e-13,2.111848394913139,28.04780327868879
-10.598868119491636,0.3610506533470321,8.989030864255447e-14,2.111848394913139,28.097770491803544
-10.624650098453191,0.403959071947142,-8.989030864255447e-14,2.111848394913139,28.1477377049183
-10.650432077414747,0.4468674905472523,0.0,2.111848394913139,28.197704918033054
-10.676214056376303,0.4897759091473626,8.989030864255447e-14,2.111848394913139,28.24767213114781
-10.701996035337858,0.5326843277474724,-8.989030864255447e-14,2.111848394913139,28.297639344262564
-10.727778014299414,0.5755927463475827,8.989030864255447e-14,2.111848394913139,28.34760655737732
-10.75355999326097,0.6185011649476926,-8.989030864255447e-14,2.111848394913139,28.397573770492073
-10.779341972222525,0.6614095835478029,6.084882431188067e-13,2.111848394913139,28.447540983606828
-10.805123951184083,0.7043180021479132,-5.185979344762614e-13,2.111848394913139,28.497508196721583
-10.830905930145638,0.747226420748023,-8.989030864255447e-14,2.111848394913139,28.547475409836338
-10.856687909107194,0.7901348393481333,8.989030864255447e-14,2.111848394913139,28.597442622951093
-10.88246988806875,0.8330432579482432,-8.989030864255447e-14,2.111848394913139,28.647409836065847
-10.908251867030305,0.8759516765483535,0.0,2.111848394913139,28.697377049180602
-10.934033845991861,0.9188600951484638,8.989030864255447e-14,2.111848394913139,28.747344262295357
-10.959815824953417,0.9617685137485736,-8.989030864255447e-14,2.111848394913139,28.797311475410112
-10.985597803914972,1.004676932348684,8.989030864255447e-14,2.111848394913139,28.847278688524867
-11.011379782876528,1.0475853509487938,5.151406149130864e-13,2.111848394913139,28.89724590163962
-11.037161761838085,1.090493769548904,-5.185979344762614e-13,2.111848394913139,28.947213114754376
-11.062943740799641,1.133402188149014,-8.989030864255447e-14,2.111848394913139,28.99718032786913
-11.088725719761197,1.1763106067491242,0.0,2.111848394913139,29.047147540983886
-11.114507698722752,1.2192190253492345,8.989030864255447e-14,2.111848394913139,29.09711475409864
-11.140289677684308,1.2621274439493444,-8.989030864255447e-14,2.111848394913139,29.147081967213396
-11.166071656645864,1.3050358625494547,8.989030864255447e-14,2.111848394913139,29.19704918032815
-11.19185363560742,1.3479442811495645,-8.989030864255447e-14,2.111848394913139,29.247016393442905
-11.217635614568975,1.3908526997496748,0.0,2.111848394913139,29.29698360655766
-11.24341759353053,1.4337611183497851,6.983785517613654e-13,2.111848394913139,29.346950819672415
-11.269199572492088,1.476669536949895,-7.018358713245405e-13,2.111848394913139,29.39691803278717
-11.294981551453644,1.5195779555500053,8.989030864255447e-14,2.111848394913139,29.446885245901925
-11.3207635304152,1.5624863741501152,0.0,2.111848394913139,29.49685245901668
-11.346545509376755,1.605394792750225,-1.7978061728510688e-13,2.111848394913139,29.546819672131434
-11.37232748833831,1.6483032113503358,1.83237936848282e-13,2.111848394913139,29.59678688524619
-11.398109467299866,1.6912116299504456,0.0,2.111848394913139,29.646754098360944
-11.423891446261422,1.7341200485505555,-1.7978061728510688e-13,2.111848394913139,29.6967213114757
-11.449673425222977,1.7770284671506662,1.83237936848282e-13,2.111848394913139,29.746688524590454
-11.475455404184533,1.819936885750776,6.050309235556451e-13,2.111848394913139,29.79665573770521
-11.50123738314609,1.862845304350886,-7.917261799670836e-13,2.111848394913139,29.846622950819963
-11.527019362107646,1.9057537229509967,1.83237936848282e-13,2.111848394913139,29.896590163934718
-11.552801341069202,1.9486621415511065,0.0,2.111848394913139,29.946557377049473
-11.578583320030758,1.9915705601512164,0.0,2.111848394913139,29.996524590164228
-11.604365298992313,2.034478978751326,-1.7978061728510688e-13,2.111848394913139,30.046491803278983
-11.630147277953869,2.077387397351437,1.83237936848282e-13,2.111848394913139,30.096459016393737
-11.655929256915424,2.120295815951547,0.0,2.111848394913139,30.146426229508492
-11.68171123587698,2.1632042345516567,-1.7978061728510688e-13,2.111848394913139,30.196393442623247
-11.707493214838536,2.2061126531517674,7.917261799670836e-13,2.111848394913139,30.246360655738002
-11.733275193800093,2.2490210717518773,-6.084882431188203e-13,2.111848394913139,30.296327868852757
-11.759057172761649,2.291929490351987,-1.7978061728510688e-13,2.111848394913139,30.34629508196751
-11.784839151723205,2.334837908952098,1.83237936848282e-13,2.111848394913139,30.396262295082266
-11.81062113068476,2.3777463275522077,0.0,2.111848394913139,30.44622950819702
-11.836403109646316,2.4206547461523176,0.0,2.111848394913139,30.496196721311776
-11.862185088607871,2.4635631647524274,-1.7978061728510688e-13,2.111848394913139,30.54616393442653
-11.887967067569427,2.506471583352538,1.83237936848282e-13,2.111848394913139,30.596131147541286
-11.913749046530983,2.549380001952648,0.0,2.111848394913139,30.64609836065604
-11.939531025492538,2.592288420552758,4.2525030627052957e-13,2.111848394913139,30.696065573770795
-11.965313004454096,2.6351968391528686,-4.2525030627052957e-13,2.111848394913139,30.74603278688555
-11.991094983415651,2.6781052577529785,0.0,2.111848394913139,30.796000000000305
-12.016876962377207,2.7210136763530883,-1.7978061728510688e-13,2.111848394913139,30.84596721311506
-12.042658941338763,2.763922094953199,1.83237936848282e-13,2.111848394913139,30.895934426229815
-12.068440920300318,2.806830513553309,0.0,2.111848394913139,30.94590163934457
-12.094222899261874,2.849738932153419,0.0,2.111848394913139,30.995868852459324
-12.12000487822343,2.8926473507535286,4.2525030627052957e-13,2.111848394913139,31.04583606557408
-12.145786857184987,2.9355557693536394,-1.0337385493893646e-12,2.111848394913139,31.095803278688834
-12.171568836146541,2.9784641879537492,1.2169764862376738e-12,2.111848394913139,31.14577049180359
-12.197350815108098,3.021372606553859,-7.917261799670836e-13,2.111848394913139,31.195737704918344
-12.223132794069654,3.06428102515397,1.83237936848282e-13,2.111848394913139,31.2457049180331
-12.24891477303121,3.1071894437540797,0.0,2.111848394913139,31.295672131147853
-12.274696751992765,3.1500978623541895,0.0,2.111848394913139,31.345639344262608
-12.300478730954321,3.1930062809542994,-1.7978061728510688e-13,2.111848394913139,31.395606557377363
-12.326260709915877,3.23591469955441,1.83237936848282e-13,2.111848394913139,31.445573770492118
-12.352042688877432,3.27882311815452,6.050309235556451e-13,2.111848394913139,31.495540983606872
-12.37782466783899,3.32173153675463,-1.3967571035227534e-12,2.111848394913139,31.545508196721627
-12.403606646800544,3.3646399553547406,1.3967571035227534e-12,2.111848394913139,31.595475409836382
-12.429388625762101,3.4075483739548504,-6.084882431188203e-13,2.111848394913139,31.645442622951137
-12.455170604723657,3.4504567925549603,-1.7978061728510688e-13,2.111848394913139,31.695409836065892
-12.480952583685212,3.493365211155071,1.83237936848282e-13,2.111848394913139,31.745377049180647
-12.506734562646768,3.536273629755181,0.0,2.111848394913139,31.7953442622954
-12.532516541608324,3.5791820483552907,0.0,2.111848394913139,31.845311475410156
-12.55829852056988,3.6220904669554006,-1.7978061728510688e-13,2.111848394913139,31.89527868852491
-12.584080499531435,3.6649988855555113,7.917261799670836e-13,2.111848394913139,31.945245901639666
-12.609862478492992,3.707907304155621,-1.2135191666744986e-12,2.111848394913139,31.99521311475442
-12.635644457454546,3.750815722755731,1.0337385493893646e-12,2.111848394913139,32.045180327869176
-12.661426436416104,3.793724141355842,-4.2525030627052957e-13,2.111848394913139,32.09514754098393
-12.68720841537766,3.8366325599559516,0.0,2.111848394913139,32.145114754098685
-12.712990394339215,3.8795409785560615,-1.7978061728510688e-13,2.111848394913139,32.19508196721344
-12.73877237330077,3.9224493971561722,1.83237936848282e-13,2.111848394913139,32.245049180328195
-12.764554352262326,3.965357815756282,0.0,2.111848394913139,32.29501639344295
-12.790336331223882,4.008266234356392,0.0,2.111848394913139,32.344983606557705
-12.816118310185438,4.051174652956502,4.2525030627052957e-13,2.111848394913139,32.39495081967246
-12.841900289146995,4.0940830715566126,-1.0337385493893646e-12,2.111848394913139,32.444918032787214
-12.867682268108549,4.136991490156722,1.2169764862376738e-12,2.111848394913139,32.49488524590197
-12.893464247070106,4.179899908756832,-7.917261799670836e-13,2.111848394913139,32.544852459016724
-12.919246226031662,4.222808327356943,1.83237936848282e-13,2.111848394913139,32.59481967213148
-12.945028204993218,4.265716745957053,0.0,2.111848394913139,32.64478688524623
-12.970810183954773,4.308625164557163,-1.7978061728510688e-13,2.111848394913139,32.69475409836099
-12.996592162916329,4.3515335831572735,1.83237936848282e-13,2.111848394913139,32.74472131147574
-13.022374141877885,4.394442001757383,0.0,2.111848394913139,32.7946885245905
-13.04815612083944,4.437350420357493,6.050309235556451e-13,2.111848394913139,32.84465573770525
-13.073938099800998,4.480258838957603,-1.3967571035227534e-12,2.111848394913139,32.89462295082001
-13.099720078762552,4.523167257557714,1.3967571035227534e-12,2.111848394913139,32.94459016393476
-13.125502057724109,4.566075676157824,-6.084882431188203e-13,2.111848394913139,32.99455737704952
-13.151284036685665,4.6089840947579335,-1.7978061728510688e-13,2.111848394913139,33.04452459016427
-13.17706601564722,4.651892513358044,1.83237936848282e-13,2.111848394913139,33.09449180327903
-13.202847994608776,4.694800931958154,0.0,2.111848394913139,33.14445901639378
-13.228629973570332,4.737709350558264,6.050309235556451e-13,2.111848394913139,33.19442622950854
-13.254411952531889,4.780617769158374,-1.3967571035227534e-12,2.111848394913139,33.24439344262329
-13.280193931493443,4.8235261877584845,1.3967571035227534e-12,2.111848394913139,33.294360655738046
-13.305975910455,4.866434606358594,-1.2135191666744986e-12,2.111848394913139,33.3443278688528
-13.331757889416554,4.909343024958704,1.0337385493893646e-12,2.111848394913139,33.394295081967556
-13.357539868378112,4.952251443558815,-4.2525030627052957e-13,2.111848394913139,33.44426229508231
-13.383321847339667,4.995159862158925,0.0,2.111848394913139,33.494229508197066
-13.409103826301223,5.038068280759035,-1.7978061728510688e-13,2.111848394913139,33.54419672131182
-13.434885805262779,5.080976699359145,1.83237936848282e-13,2.111848394913139,33.594163934426575
-13.460667784224334,5.123885117959255,6.050309235556451e-13,2.111848394913139,33.64413114754133
-13.486449763185892,5.166793536559365,-1.2135191666744986e-12,2.111848394913139,33.694098360656085
-13.512231742147446,5.209701955159475,1.0337385493893646e-12,2.111848394913139,33.74406557377084
-13.538013721109003,5.252610373759586,-1.0337385493893646e-12,2.111848394913139,33.794032786885595
-13.563795700070557,5.295518792359696,1.2169764862376738e-12,2.111848394913139,33.84400000000035
-13.589577679032114,5.338427210959805,-7.917261799670836e-13,2.111848394913139,33.893967213115104
-13.61535965799367,5.381335629559916,1.83237936848282e-13,2.111848394913139,33.94393442622986
-13.641141636955226,5.424244048160026,0.0,2.111848394913139,33.993901639344614
-13.666923615916781,5.467152466760136,-1.7978061728510688e-13,2.111848394913139,34.04386885245937
-13.692705594878337,5.510060885360247,7.917261799670836e-13,2.111848394913139,34.09383606557412
-13.718487573839894,5.5529693039603565,-1.2135191666744986e-12,2.111848394913139,34.14380327868888
-13.744269552801448,5.595877722560466,1.2169764862376738e-12,2.111848394913139,34.19377049180363
-13.770051531763006,5.638786141160576,-1.2135191666744986e-12,2.111848394913139,34.24373770491839
-13.79583351072456,5.681694559760686,1.2169764862376738e-12,2.111848394913139,34.29370491803314
-13.821615489686117,5.724602978360796,-9.749641168153381e-13,2.111848394913139,34.3436721311479
-13.847397468647673,5.7675113969609075,3.664758736965556e-13,2.111848394913139,34.39363934426265
-13.873179447609228,5.810419815561017,0.0,2.111848394913139,34.44360655737741
-13.898961426570784,5.853328234161127,0.0,2.111848394913139,34.49357377049216
-13.92474340553234,5.896236652761237,6.050309235556451e-13,2.111848394913139,34.54354098360692
-13.950525384493897,5.939145071361347,-1.2135191666744986e-12,2.111848394913139,34.59350819672167
-13.97630736345545,5.982053489961457,8.505006125410631e-13,2.111848394913139,34.64347540983643
-14.002089342417008,6.024961908561568,-8.505006125410631e-13,2.111848394913139,34.69344262295118
-14.027871321378562,6.067870327161678,1.2169764862376738e-12,2.111848394913139,34.743409836065936
-14.05365330034012,6.110778745761788,-6.084882431188203e-13,2.111848394913139,34.79337704918069
-14.079435279301675,6.153687164361898,0.0,2.111848394913139,34.843344262295446
-14.105217258263231,6.196595582962008,0.0,2.111848394913139,34.8933114754102
-14.130999237224787,6.239504001562118,0.0,2.111848394913139,34.943278688524956
-14.156781216186342,6.282412420162228,2.4201236942224707e-13,2.111848394913139,34.99324590163971
-14.1825631951479,6.325320838762339,-8.505006125410631e-13,2.111848394913139,35.043213114754465
-14.208345174109454,6.368229257362449,1.2169764862376738e-12,2.111848394913139,35.09318032786922
-14.234127153071011,6.411137675962559,-1.2135191666744986e-12,2.111848394913139,35.143147540983975
-14.259909132032565,6.454046094562669,1.2169764862376738e-12,2.111848394913139,35.19311475409873
-14.285691110994122,6.496954513162779,-6.084882431188203e-13,2.111848394913139,35.243081967213485
-14.311473089955678,6.5398629317628885,0.0,2.111848394913139,35.29304918032824
-14.337255068917234,6.582771350362998,-3.6301855413338055e-13,2.111848394913139,35.343016393442994
-14.36303704787879,6.62567976896311,3.664758736965556e-13,2.111848394913139,35.39298360655775
-14.388819026840345,6.66858818756322,6.050309235556451e-13,2.111848394913139,35.442950819672504
-14.414601005801902,6.71149660616333,-1.2135191666744986e-12,2.111848394913139,35.49291803278726
-14.440382984763456,6.7544050247634395,1.2169764862376738e-12,2.111848394913139,35.54288524590201
-14.466164963725014,6.797313443363549,-1.2135191666744986e-12,2.111848394913139,35.59285245901677
-14.491946942686567,6.840221861963659,8.505006125410631e-13,2.111848394913139,35.64281967213152
-14.517728921648125,6.883130280563771,-2.4201236942224707e-13,2.111848394913139,35.69278688524628
-14.54351090060968,6.926038699163881,0.0,2.111848394913139,35.74275409836103
-14.569292879571236,6.968947117763991,0.0,2.111848394913139,35.79272131147579
-14.595074858532792,7.0118555363641,0.0,2.111848394913139,35.84268852459054
-14.620856837494348,7.05476395496421,6.050309235556451e-13,2.111848394913139,35.8926557377053
-14.646638816455905,7.09767237356432,-1.2135191666744986e-12,2.111848394913139,35.94262295082005
-14.672420795417459,7.14058079216443,8.505006125410631e-13,2.111848394913139,35.99259016393481
-14.698202774379016,7.183489210764542,-8.505006125410631e-13,2.111848394913139,36.04255737704956
-14.72398475334057,7.2263976293646515,1.2169764862376738e-12,2.111848394913139,36.09252459016432
-14.749766732302128,7.269306047964761,-6.084882431188203e-13,2.111848394913139,36.14249180327907
-14.775548711263683,7.312214466564871,0.0,2.111848394913139,36.192459016393826
-14.801330690225239,7.355122885164981,0.0,2.111848394913139,36.24242622950858
-14.827112669186794,7.398031303765091,0.0,2.111848394913139,36.292393442623336
-14.85289464814835,7.440939722365201,2.4201236942224707e-13,2.111848394913139,36.34236065573809
-14.878676627109908,7.483848140965312,-8.505006125410631e-13,2.111848394913139,36.392327868852846
-14.904458606071461,7.526756559565422,1.2169764862376738e-12,2.111848394913139,36.4422950819676
-14.930240585033019,7.569664978165532,-1.2135191666744986e-12,2.111848394913139,36.492262295082355
-14.956022563994573,7.612573396765642,1.2169764862376738e-12,2.111848394913139,36.54222950819711
-14.98180454295613,7.655481815365752,-6.084882431188203e-13,2.111848394913139,36.592196721311865
-15.007586521917686,7.698390233965862,0.0,2.111848394913139,36.64216393442662
-15.033368500879241,7.7412986525659715,-3.6301855413338055e-13,2.111848394913139,36.692131147541375
-15.059150479840797,7.784207071166083,3.664758736965556e-13,2.111848394913139,36.74209836065613
-15.084932458802353,7.827115489766193,6.050309235556451e-13,2.111848394913139,36.792065573770884
-15.11071443776391,7.870023908366303,-1.2135191666744986e-12,2.111848394913139,36.84203278688564
-15.136496416725464,7.912932326966413,1.2169764862376738e-12,2.111848394913139,36.892000000000394
-15.162278395687022,7.9558407455665225,-6.084882431188203e-13,2.111848394913139,36.94196721311515
-15.188060374648577,7.998749164166632,-3.6301855413338055e-13,2.111848394913139,36.9919344262299
-15.213842353610133,8.041657582766744,3.664758736965556e-13,2.111848394913139,37.04190163934466
-15.239624332571688,8.084566001366854,0.0,2.111848394913139,37.09186885245941
-15.265406311533244,8.127474419966964,0.0,2.111848394913139,37.14183606557417
-15.2911882904948,8.170382838567074,0.0,2.111848394913139,37.19180327868892
-15.316970269456355,8.213291257167183,6.050309235556451e-13,2.111848394913139,37.24177049180368
-15.342752248417913,8.256199675767293,-1.2135191666744986e-12,2.111848394913139,37.29173770491843
-15.368534227379467,8.299108094367403,8.505006125410631e-13,2.111848394913139,37.34170491803319
-15.394316206341024,8.342016512967515,-2.4201236942224707e-13,2.111848394913139,37.39167213114794
-15.42009818530258,8.384924931567625,0.0,2.111848394913139,37.4416393442627
-15.445880164264135,8.427833350167734,0.0,2.111848394913139,37.49160655737745
-15.471662143225691,8.470741768767844,0.0,2.111848394913139,37.54157377049221
-15.497444122187247,8.513650187367954,0.0,2.111848394913139,37.59154098360696
-15.523226101148802,8.556558605968064,0.0,2.111848394913139,37.641508196721716
-15.549008080110358,8.599467024568174,2.4201236942224707e-13,2.111848394913139,37.69147540983647
-15.574790059071915,8.642375443168286,-8.505006125410631e-13,2.111848394913139,37.741442622951226
-15.60057203803347,8.685283861768395,1.2169764862376738e-12,2.111848394913139,37.79140983606598
-15.626354016995027,8.728192280368505,-6.084882431188203e-13,2.111848394913139,37.841377049180736
-15.652135995956582,8.771100698968615,0.0,2.111848394913139,37.89134426229549
-15.677917974918138,8.814009117568725,0.0,2.111848394913139,37.941311475410245
-15.703699953879694,8.856917536168835,0.0,2.111848394913139,37.991278688525
-15.72948193284125,8.899825954768945,-3.6301855413338055e-13,2.111848394913139,38.041245901639755
-15.755263911802805,8.942734373369056,3.664758736965556e-13,2.111848394913139,38.09121311475451
-15.78104589076436,8.985642791969166,6.050309235556451e-13,2.111848394913139,38.141180327869264
-15.806827869725918,9.028551210569276,-1.2135191666744986e-12,2.111848394913139,38.19114754098402
-15.832609848687472,9.071459629169386,1.2169764862376738e-12,2.111848394913139,38.241114754098774
-15.85839182764903,9.114368047769496,-6.084882431188203e-13,2.111848394913139,38.29108196721353
-15.884173806610585,9.157276466369606,-3.6301855413338055e-13,2.111848394913139,38.341049180328284
-15.90995578557214,9.200184884969717,3.664758736965556e-13,2.111848394913139,38.39101639344304
-15.935737764533696,9.243093303569827,0.0,2.111848394913139,38.44098360655779
-15.961519743495252,9.286001722169937,6.050309235556451e-13,2.111848394913139,38.49095081967255
-15.98730172245681,9.328910140770047,-1.2135191666744986e-12,2.111848394913139,38.5409180327873
-16.013083701418363,9.371818559370157,1.2169764862376738e-12,2.111848394913139,38.59088524590206
-16.03886568037992,9.414726977970266,-1.2135191666744986e-12,2.111848394913139,38.64085245901681
-16.064647659341475,9.457635396570376,8.505006125410631e-13,2.111848394913139,38.69081967213157
-16.090429638303032,9.500543815170488,3.6301855413336066e-13,2.111848394913139,38.74078688524632
-16.11621161726459,9.543452233770598,-1.2135191666744986e-12,2.111848394913139,38.79075409836108
-16.141993596226143,9.586360652370708,0.0,2.111848394913139,38.84072131147583
-16.167775575187697,9.629269070970818,1.2169764862376738e-12,2.111848394913139,38.89068852459059
-16.193557554149255,9.672177489570927,0.0,2.111848394913139,38.94065573770534
-16.219339533110812,9.715085908171037,-1.2135191666744986e-12,2.111848394913139,38.9906229508201
-16.245121512072366,9.757994326771147,8.505006125410631e-13,2.111848394913139,39.04059016393485
-16.270903491033923,9.800902745371259,-8.505006125410631e-13,2.111848394913139,39.090557377049606
-16.296685469995477,9.843811163971369,1.2169764862376738e-12,2.111848394913139,39.14052459016436
-16.322467448957035,9.886719582571478,-1.2135191666744986e-12,2.111848394913139,39.190491803279116
-16.34824942791859,9.929628001171588,1.2169764862376738e-12,2.111848394913139,39.24045901639387
-16.374031406880146,9.972536419771698,0.0,2.111848394913139,39.290426229508626
-16.399813385841703,10.015444838371808,-1.2135191666744986e-12,2.111848394913139,39.34039344262338
-16.425595364803257,10.058353256971918,8.505006125410631e-13,2.111848394913139,39.390360655738135
-16.451377343764815,10.10126167557203,-8.505006125410631e-13,2.111848394913139,39.44032786885289
-16.47715932272637,10.14417009417214,1.2169764862376738e-12,2.111848394913139,39.490295081967645
-16.502941301687926,10.18707851277225,-1.2135191666744986e-12,2.111848394913139,39.5402622950824
-16.52872328064948,10.229986931372359,1.2169764862376738e-12,2.111848394913139,39.590229508197154
-16.554505259611037,10.272895349972469,0.0,2.111848394913139,39.64019672131191
-16.580287238572595,10.315803768572579,-1.5799950403709992e-12,2.111848394913139,39.690163934426664
-16.60606921753415,10.35871218717269,3.630185541334005e-13,2.111848394913139,39.74013114754142
-16.631851196495703,10.4016206057728,1.2169764862376738e-12,2.111848394913139,39.790098360656174
-16.65763317545726,10.44452902437291,0.0,2.111848394913139,39.84006557377093
-16.683415154418817,10.48743744297302,-1.2135191666744986e-12,2.111848394913139,39.89003278688568
-16.70919713338037,10.53034586157313,1.2169764862376738e-12,2.111848394913139,39.94000000000044
-16.73497911234193,10.57325428017324,-1.2135191666744986e-12,2.111848394913139,39.98996721311519
-16.760761091303483,10.61616269877335,8.505006125410631e-13,2.111848394913139,40.03993442622995
-16.78654307026504,10.659071117373461,-8.505006125410631e-13,2.111848394913139,40.0899016393447
-16.812325049226594,10.701979535973571,1.2169764862376738e-12,2.111848394913139,40.13986885245946
-16.83810702818815,10.74488795457368,0.0,2.111848394913139,40.18983606557421
-16.86388900714971,10.78779637317379,-1.2135191666744986e-12,2.111848394913139,40.23980327868897
-16.889670986111263,10.8307047917739,0.0,2.111848394913139,40.28977049180372
-16.915452965072816,10.87361321037401,1.2169764862376738e-12,2.111848394913139,40.33973770491848
-16.941234944034374,10.91652162897412,-3.6647587369653553e-13,2.111848394913139,40.38970491803323
-16.96701692299593,10.959430047574232,-8.505006125410631e-13,2.111848394913139,40.43967213114799
-16.992798901957485,11.002338466174342,1.2169764862376738e-12,2.111848394913139,40.48963934426274
-17.018580880919043,11.045246884774452,0.0,2.111848394913139,40.539606557377496
-17.0443628598806,11.088155303374561,-1.2135191666744986e-12,2.111848394913139,40.58957377049225
-17.070144838842154,11.131063721974671,0.0,2.111848394913139,40.639540983607006
-17.095926817803708,11.173972140574781,8.505006125410631e-13,2.111848394913139,40.68950819672176
-17.121708796765265,11.216880559174893,3.6301855413336066e-13,2.111848394913139,40.739475409836515
-17.147490775726823,11.259788977775003,-1.2135191666744986e-12,2.111848394913139,40.78944262295127
-17.173272754688377,11.302697396375113,1.2169764862376738e-12,2.111848394913139,40.839409836066025
-17.199054733649934,11.345605814975222,0.0,2.111848394913139,40.88937704918078
-17.22483671261149,11.388514233575332,-1.2135191666744986e-12,2.111848394913139,40.939344262295535
-17.250618691573045,11.431422652175442,0.0,2.111848394913139,40.98931147541029
-17.2764006705346,11.474331070775552,8.505006125410631e-13,2.111848394913139,41.039278688525044
-17.302182649496157,11.517239489375664,3.6301855413336066e-13,2.111848394913139,41.0892459016398
-17.327964628457714,11.560147907975773,-1.2135191666744986e-12,2.111848394913139,41.139213114754554
-17.353746607419268,11.603056326575883,0.0,2.111848394913139,41.18918032786931
-17.37952858638082,11.645964745175993,1.2169764862376738e-12,2.111848394913139,41.239147540984064
-17.40531056534238,11.688873163776103,0.0,2.111848394913139,41.28911475409882
-17.431092544303937,11.731781582376213,-1.2135191666744986e-12,2.111848394913139,41.33908196721357
-17.45687452326549,11.774690000976323,8.505006125410631e-13,2.111848394913139,41.38904918032833
-17.482656502227048,11.817598419576434,3.6301855413336066e-13,2.111848394913139,41.43901639344308
-17.508438481188605,11.860506838176544,-1.2135191666744986e-12,2.111848394913139,41.48898360655784
-17.53422046015016,11.903415256776654,0.0,2.111848394913139,41.53895081967259
-17.560002439111713,11.946323675376764,1.2169764862376738e-12,2.111848394913139,41.58891803278735
-17.58578441807327,11.989232093976874,0.0,2.111848394913139,41.6388852459021
-17.611566397034828,12.032140512576984,-1.2135191666744986e-12,2.111848394913139,41.68885245901686
-17.637348375996382,12.075048931177093,8.505006125410631e-13,2.111848394913139,41.73881967213161
-17.66313035495794,12.117957349777205,3.6301855413336066e-13,2.111848394913139,41.78878688524637
-17.688912333919497,12.160865768377315,-1.2135191666744986e-12,2.111848394913139,41.83875409836112
-17.71469431288105,12.203774186977425,0.0,2.111848394913139,41.88872131147588
-17.740476291842604,12.246682605577535,1.2169764862376738e-12,2.111848394913139,41.93868852459063
-17.766258270804162,12.289591024177644,0.0,2.111848394913139,41.988655737705386
-17.79204024976572,12.332499442777754,-1.5799950403709992e-12,2.111848394913139,42.03862295082014
-17.817822228727273,12.375407861377866,3.630185541334005e-13,2.111848394913139,42.088590163934896
-17.843604207688827,12.418316279977976,2.4304956529120398e-12,2.111848394913139,42.13855737704965
-17.869386186650388,12.461224698578086,-2.4304956529120398e-12,2.111848394913139,42.188524590164405
-17.895168165611942,12.504133117178196,0.0,2.111848394913139,42.23849180327916
-17.920950144573496,12.547041535778305,1.2169764862376738e-12,2.111848394913139,42.288459016393915
-17.946732123535053,12.589949954378415,0.0,2.111848394913139,42.33842622950867
-17.97251410249661,12.632858372978525,-1.5799950403709992e-12,2.111848394913139,42.388393442623425
-17.998296081458165,12.675766791578637,3.630185541334005e-13,2.111848394913139,42.43836065573818
-18.02407806041972,12.718675210178747,1.2169764862376738e-12,2.111848394913139,42.488327868852934
-18.049860039381276,12.761583628778856,0.0,2.111848394913139,42.53829508196769
-18.075642018342833,12.804492047378966,-1.2135191666744986e-12,2.111848394913139,42.588262295082444
-18.101423997304387,12.847400465979076,1.2169764862376738e-12,2.111848394913139,42.6382295081972
-18.127205976265945,12.890308884579186,0.0,2.111848394913139,42.688196721311954
-18.152987955227502,12.933217303179296,-1.5799950403709992e-12,2.111848394913139,42.73816393442671
-18.178769934189056,12.976125721779407,3.630185541334005e-13,2.111848394913139,42.78813114754146
-18.20455191315061,13.019034140379517,1.2169764862376738e-12,2.111848394913139,42.83809836065622
-18.230333892112167,13.061942558979627,0.0,2.111848394913139,42.88806557377097
-18.256115871073725,13.104850977579737,-1.2135191666744986e-12,2.111848394913139,42.93803278688573
-18.28189785003528,13.147759396179847,0.0,2.111848394913139,42.98800000000048
-18.307679828996832,13.190667814779957,2.4304956529120398e-12,2.111848394913139,43.03796721311524
-18.333461807958393,13.233576233380067,-2.796971526608465e-12,2.111848394913139,43.08793442622999
-18.359243786919947,13.276484651980178,3.630185541334005e-13,2.111848394913139,43.13790163934475
-18.3850257658815,13.319393070580288,1.2169764862376738e-12,2.111848394913139,43.1878688524595
-18.41080774484306,13.362301489180398,0.0,2.111848394913139,43.23783606557426
-18.436589723804616,13.405209907780508,-1.2135191666744986e-12,2.111848394913139,43.28780327868901
-18.46237170276617,13.448118326380618,-3.664758736965757e-13,2.111848394913139,43.33777049180377
-18.488153681727724,13.49102674498073,1.5799950403709992e-12,2.111848394913139,43.38773770491852
-18.51393566068928,13.53393516358084,0.0,2.111848394913139,43.437704918033276
-18.53971763965084,13.576843582180949,-1.2135191666744986e-12,2.111848394913139,43.48767213114803
-18.565499618612392,13.619752000781059,1.2169764862376738e-12,2.111848394913139,43.537639344262786
-18.59128159757395,13.662660419381169,0.0,2.111848394913139,43.58760655737754
-18.617063576535507,13.705568837981279,-1.2135191666744986e-12,2.111848394913139,43.637573770492295
-18.64284555549706,13.748477256581388,0.0,2.111848394913139,43.68754098360705
-18.668627534458615,13.791385675181498,1.2169764862376738e-12,2.111848394913139,43.737508196721805
-18.694409513420172,13.834294093781608,0.0,2.111848394913139,43.78747540983656
-18.72019149238173,13.877202512381718,-1.2135191666744986e-12,2.111848394913139,43.837442622951315
-18.745973471343284,13.920110930981828,1.2169764862376738e-12,2.111848394913139,43.88740983606607
-18.77175545030484,13.963019349581938,-7.294944278298627e-13,2.111848394913139,43.937377049180824
-18.7975374292664,14.005927768182051,-4.840247388444853e-13,2.111848394913139,43.98734426229558
-18.823319408227952,14.048836186782161,0.0,2.111848394913139,44.037311475410334
-18.849101387189506,14.09174460538227,1.2169764862376738e-12,2.111848394913139,44.08727868852509
-18.874883366151064,14.13465302398238,0.0,2.111848394913139,44.137245901639844
-18.90066534511262,14.17756144258249,-1.2135191666744986e-12,2.111848394913139,44.1872131147546
-18.926447324074175,14.2204698611826,0.0,2.111848394913139,44.23718032786935
-18.95222930303573,14.26337827978271,1.2169764862376738e-12,2.111848394913139,44.28714754098411
-18.978011281997286,14.30628669838282,0.0,2.111848394913139,44.33711475409886
-19.003793260958844,14.34919511698293,-1.2135191666744986e-12,2.111848394913139,44.38708196721362
-19.029575239920398,14.39210353558304,1.2169764862376738e-12,2.111848394913139,44.43704918032837
-19.055357218881955,14.43501195418315,0.0,2.111848394913139,44.48701639344313
-19.081139197843513,14.47792037278326,-1.2135191666744986e-12,2.111848394913139,44.53698360655788
-19.106921176805066,14.52082879138337,-7.29494427829943e-13,2.111848394913139,44.58695081967264
-19.13270315576662,14.563737209983483,1.9464709140674657e-12,2.111848394913139,44.63691803278739
-19.158485134728178,14.606645628583593,0.0,2.111848394913139,44.68688524590215
-19.184267113689735,14.649554047183702,-1.2135191666744986e-12,2.111848394913139,44.7368524590169
-19.21004909265129,14.692462465783812,1.2169764862376738e-12,2.111848394913139,44.78681967213166
-19.235831071612846,14.735370884383922,0.0,2.111848394913139,44.83678688524641
-19.261613050574404,14.778279302984032,-1.2135191666744986e-12,2.111848394913139,44.886754098361166
-19.287395029535958,14.821187721584142,0.0,2.111848394913139,44.93672131147592
-19.31317700849751,14.864096140184252,1.2169764862376738e-12,2.111848394913139,44.986688524590676
-19.33895898745907,14.907004558784362,0.0,2.111848394913139,45.03665573770543
-19.364740966420626,14.949912977384471,-1.2135191666744986e-12,2.111848394913139,45.086622950820185
-19.39052294538218,14.992821395984581,0.0,2.111848394913139,45.13659016393494
-19.416304924343734,15.035729814584691,1.2169764862376738e-12,2.111848394913139,45.186557377049695
-19.44208690330529,15.078638233184801,-7.294944278298627e-13,2.111848394913139,45.23652459016445
-19.46786888226685,15.121546651784914,-4.840247388444853e-13,2.111848394913139,45.286491803279205
-19.493650861228403,15.164455070385024,1.2169764862376738e-12,2.111848394913139,45.33645901639396
-19.51943284018996,15.207363488985134,0.0,2.111848394913139,45.386426229508714
-19.545214819151518,15.250271907585244,-1.2135191666744986e-12,2.111848394913139,45.43639344262347
-19.57099679811307,15.293180326185354,0.0,2.111848394913139,45.486360655738224
-19.596778777074626,15.336088744785464,1.2169764862376738e-12,2.111848394913139,45.53632786885298
-19.622560756036183,15.378997163385574,0.0,2.111848394913139,45.586295081967734
-19.64834273499774,15.421905581985683,-1.2135191666744986e-12,2.111848394913139,45.63626229508249
-19.674124713959294,15.464814000585793,1.2169764862376738e-12,2.111848394913139,45.68622950819724
-19.69990669292085,15.507722419185903,0.0,2.111848394913139,45.736196721312
-19.72568867188241,15.550630837786013,-1.2135191666744986e-12,2.111848394913139,45.78616393442675
-19.751470650843963,15.593539256386123,0.0,2.111848394913139,45.83613114754151
-19.777252629805517,15.636447674986233,1.2169764862376738e-12,2.111848394913139,45.88609836065626
-19.803034608767074,15.679356093586343,-7.294944278298627e-13,2.111848394913139,45.93606557377102
-19.82881658772863,15.722264512186456,-4.840247388444853e-13,2.111848394913139,45.98603278688577
-19.854598566690186,15.765172930786566,0.0,2.111848394913139,46.03600000000053
-19.88038054565174,15.808081349386676,1.2169764862376738e-12,2.111848394913139,46.08596721311528
-19.906162524613297,15.850989767986785,0.0,2.111848394913139,46.13593442623004
-19.931944503574854,15.893898186586895,-1.2135191666744986e-12,2.111848394913139,46.18590163934479
-19.95772648253641,15.936806605187005,1.2169764862376738e-12,2.111848394913139,46.23586885245955
-19.983508461497966,15.979715023787115,0.0,2.111848394913139,46.2858360655743
-20.009290440459523,16.022623442387225,-1.2135191666744986e-12,2.111848394913139,46.335803278689056
-20.035072419421077,16.065531860987335,0.0,2.111848394913139,46.38577049180381
-20.06085439838263,16.108440279587445,1.2169764862376738e-12,2.111848394913139,46.435737704918566
-20.08663637734419,16.151348698187554,0.0,2.111848394913139,46.48570491803332
-20.112418356305746,16.194257116787664,-1.2135191666744986e-12,2.111848394913139,46.535672131148075
-20.1382003352673,16.237165535387774,4.874820584076602e-13,2.111848394913139,46.58563934426283
-20.163982314228857,16.280073953987888,7.329517473930374e-13,2.111848394913139,46.635606557377585
-20.189764293190414,16.322982372587997,-1.2135191666744986e-12,2.111848394913139,46.68557377049234
-20.21554627215197,16.365890791188107,0.0,2.111848394913139,46.735540983607095
-20.241328251113522,16.408799209788217,1.2169764862376738e-12,2.111848394913139,46.78550819672185
-20.26711023007508,16.451707628388327,0.0,2.111848394913139,46.835475409836604
-20.292892209036637,16.494616046988437,-1.2135191666744986e-12,2.111848394913139,46.88544262295136
-20.31867418799819,16.537524465588547,0.0,2.111848394913139,46.935409836066114
-20.344456166959745,16.580432884188657,2.4304956529120398e-12,2.111848394913139,46.98537704918087
-20.370238145921306,16.623341302788766,-2.4304956529120398e-12,2.111848394913139,47.035344262295624
-20.39602012488286,16.666249721388876,0.0,2.111848394913139,47.08531147541038
-20.421802103844414,16.709158139988986,1.2169764862376738e-12,2.111848394913139,47.13527868852513
-20.44758408280597,16.752066558589096,0.0,2.111848394913139,47.18524590163989
-20.47336606176753,16.794974977189206,-1.2135191666744986e-12,2.111848394913139,47.23521311475464
-20.499148040729082,16.837883395789316,-7.29494427829943e-13,2.111848394913139,47.2851803278694
-20.524930019690636,16.88079181438943,1.9464709140674657e-12,2.111848394913139,47.33514754098415
-20.550711998652194,16.92370023298954,0.0,2.111848394913139,47.38511475409891
-20.57649397761375,16.96660865158965,-1.2135191666744986e-12,2.111848394913139,47.43508196721366
-20.602275956575305,17.00951707018976,1.2169764862376738e-12,2.111848394913139,47.48504918032842
-20.628057935536862,17.05242548878987,0.0,2.111848394913139,47.53501639344317
-20.65383991449842,17.09533390738998,-1.2135191666744986e-12,2.111848394913139,47.58498360655793
-20.679621893459974,17.13824232599009,0.0,2.111848394913139,47.63495081967268
-20.705403872421527,17.181150744590198,1.2169764862376738e-12,2.111848394913139,47.68491803278744
-20.731185851383085,17.224059163190308,0.0,2.111848394913139,47.73488524590219
-20.756967830344642,17.266967581790418,-1.2135191666744986e-12,2.111848394913139,47.784852459016946
-20.782749809306196,17.309876000390528,0.0,2.111848394913139,47.8348196721317
-20.80853178826775,17.352784418990638,2.4304956529120398e-12,2.111848394913139,47.884786885246456
-20.83431376722931,17.395692837590747,-3.159990080741681e-12,2.111848394913139,47.93475409836121
-20.860095746190865,17.43860125619086,7.329517473931181e-13,2.111848394913139,47.984721311475965
-20.88587772515242,17.48150967479097,1.2169764862376738e-12,2.111848394913139,48.03468852459072
-20.911659704113976,17.52441809339108,0.0,2.111848394913139,48.084655737705475
-20.937441683075534,17.56732651199119,-1.2135191666744986e-12,2.111848394913139,48.13462295082023
-20.963223662037088,17.6102349305913,0.0,2.111848394913139,48.184590163934985
-20.98900564099864,17.65314334919141,1.2169764862376738e-12,2.111848394913139,48.23455737704974
-21.0147876199602,17.69605176779152,0.0,2.111848394913139,48.284524590164494
-21.040569598921756,17.73896018639163,-1.2135191666744986e-12,2.111848394913139,48.33449180327925
-21.06635157788331,17.78186860499174,1.2169764862376738e-12,2.111848394913139,48.384459016394004
-21.092133556844868,17.82477702359185,0.0,2.111848394913139,48.43442622950876
-21.117915535806425,17.86768544219196,-1.2135191666744986e-12,2.111848394913139,48.484393442623514
-21.14369751476798,17.91059386079207,0.0,2.111848394913139,48.53436065573827
-21.169479493729533,17.95350227939218,1.2169764862376738e-12,2.111848394913139,48.58432786885302
-21.19526147269109,17.99641069799229,-7.294944278298627e-13,2.111848394913139,48.63429508196778
-21.221043451652648,18.039319116592402,-4.840247388444853e-13,2.111848394913139,48.68426229508253
-21.2468254306142,18.082227535192512,0.0,2.111848394913139,48.73422950819729
-21.272607409575755,18.125135953792622,2.4304956529120398e-12,2.111848394913139,48.78419672131204
-21.298389388537316,18.168044372392732,-2.4304956529120398e-12,2.111848394913139,48.8341639344268
-21.32417136749887,18.21095279099284,0.0,2.111848394913139,48.88413114754155
-21.349953346460424,18.25386120959295,1.2169764862376738e-12,2.111848394913139,48.93409836065631
-21.37573532542198,18.29676962819306,0.0,2.111848394913139,48.98406557377106
-21.40151730438354,18.33967804679317,-1.2135191666744986e-12,2.111848394913139,49.03403278688582
-21.427299283345093,18.38258646539328,0.0,2.111848394913139,49.08400000000057
-21.453081262306647,18.42549488399339,1.2169764862376738e-12,2.111848394913139,49.133967213115326
-21.478863241268204,18.4684033025935,0.0,2.111848394913139,49.18393442623008
-21.50464522022976,18.51131172119361,-1.2135191666744986e-12,2.111848394913139,49.233901639344836
-21.530427199191315,18.55422013979372,4.874820584076602e-13,2.111848394913139,49.28386885245959
-21.556209178152873,18.597128558393834,7.329517473930374e-13,2.111848394913139,49.333836065574346
-21.58199115711443,18.640036976993944,-1.2135191666744986e-12,2.111848394913139,49.3838032786891
-21.607773136075984,18.682945395594054,0.0,2.111848394913139,49.433770491803855
-21.633555115037538,18.725853814194164,1.2169764862376738e-12,2.111848394913139,49.48373770491861
-21.659337093999095,18.768762232794273,0.0,2.111848394913139,49.533704918033365
-21.685119072960653,18.811670651394383,-1.2135191666744986e-12,2.111848394913139,49.58367213114812
-21.710901051922207,18.854579069994493,1.2169764862376738e-12,2.111848394913139,49.633639344262875
-21.736683030883764,18.897487488594603,0.0,2.111848394913139,49.68360655737763
-21.76246500984532,18.940395907194713,-1.2135191666744986e-12,2.111848394913139,49.733573770492384
-21.788246988806875,18.983304325794823,0.0,2.111848394913139,49.78354098360714
-21.81402896776843,19.026212744394932,1.2169764862376738e-12,2.111848394913139,49.833508196721894
-21.839810946729987,19.069121162995042,0.0,2.111848394913139,49.88347540983665
-21.865592925691544,19.112029581595152,-1.2135191666744986e-12,2.111848394913139,49.933442622951404
-21.891374904653098,19.154938000195262,-7.29494427829943e-13,2.111848394913139,49.98340983606616
-21.917156883614652,19.197846418795375,1.9464709140674657e-12,2.111848394913139,50.03337704918091
-21.94293886257621,19.240754837395485,0.0,2.111848394913139,50.08334426229567
-21.968720841537767,19.283663255995595,-1.2135191666744986e-12,2.111848394913139,50.13331147541042
-21.99450282049932,19.326571674595705,1.2169764862376738e-12,2.111848394913139,50.18327868852518
-22.020284799460878,19.369480093195815,0.0,2.111848394913139,50.23324590163993
-22.046066778422436,19.412388511795925,-1.2135191666744986e-12,2.111848394913139,50.28321311475469
-22.07184875738399,19.455296930396035,0.0,2.111848394913139,50.33318032786944
-22.097630736345543,19.498205348996144,1.2169764862376738e-12,2.111848394913139,50.3831475409842
-22.1234127153071,19.541113767596254,0.0,2.111848394913139,50.43311475409895
-22.149194694268658,19.584022186196364,-1.2135191666744986e-12,2.111848394913139,50.48308196721371
-22.174976673230212,19.626930604796474,1.2169764862376738e-12,2.111848394913139,50.53304918032846
-22.20075865219177,19.669839023396584,0.0,2.111848394913139,50.583016393443216
-22.226540631153327,19.712747441996694,-1.9430135945042906e-12,2.111848394913139,50.63298360655797
-22.25232261011488,19.755655860596807,7.329517473931181e-13,2.111848394913139,50.682950819672726
-22.278104589076435,19.798564279196917,1.2169764862376738e-12,2.111848394913139,50.73291803278748
-22.303886568037992,19.841472697797027,0.0,2.111848394913139,50.782885245902236
-22.32966854699955,19.884381116397137,-1.2135191666744986e-12,2.111848394913139,50.83285245901699
-22.355450525961103,19.927289534997247,0.0,2.111848394913139,50.882819672131745
-22.381232504922657,19.970197953597356,1.2169764862376738e-12,2.111848394913139,50.9327868852465
-22.407014483884215,20.013106372197466,0.0,2.111848394913139,50.982754098361255
-22.432796462845772,20.056014790797576,-1.2135191666744986e-12,2.111848394913139,51.03272131147601
-22.458578441807326,20.098923209397686,1.2169764862376738e-12,2.111848394913139,51.082688524590765
-22.484360420768883,20.141831627997796,0.0,2.111848394913139,51.13265573770552
-22.51014239973044,20.184740046597906,-1.2135191666744986e-12,2.111848394913139,51.182622950820274
-22.535924378691995,20.227648465198016,0.0,2.111848394913139,51.23259016393503
-22.56170635765355,20.270556883798125,1.2169764862376738e-12,2.111848394913139,51.282557377049784
-22.587488336615106,20.313465302398235,-7.294944278298627e-13,2.111848394913139,51.33252459016454
-22.613270315576663,20.35637372099835,-4.840247388444853e-13,2.111848394913139,51.382491803279294
-22.639052294538217,20.39928213959846,1.2169764862376738e-12,2.111848394913139,51.43245901639405
-22.664834273499775,20.44219055819857,0.0,2.111848394913139,51.4824262295088
-22.690616252461332,20.485098976798678,-1.2135191666744986e-12,2.111848394913139,51.53239344262356
-22.716398231422886,20.528007395398788,0.0,2.111848394913139,51.58236065573831
-22.74218021038444,20.570915813998898,1.2169764862376738e-12,2.111848394913139,51.63232786885307
-22.767962189345997,20.613824232599008,0.0,2.111848394913139,51.68229508196782
-22.793744168307555,20.656732651199118,-1.2135191666744986e-12,2.111848394913139,51.73226229508258
-22.81952614726911,20.699641069799227,0.0,2.111848394913139,51.78222950819733
-22.845308126230663,20.742549488399337,2.4304956529120398e-12,2.111848394913139,51.83219672131209
-22.871090105192224,20.785457906999447,-2.4304956529120398e-12,2.111848394913139,51.88216393442684
-22.896872084153777,20.828366325599557,0.0,2.111848394913139,51.9321311475416
-22.92265406311533,20.871274744199667,4.874820584076602e-13,2.111848394913139,51.98209836065635
-22.94843604207689,20.91418316279978,7.329517473930374e-13,2.111848394913139,52.032065573771106
-22.974218021038446,20.95709158139989,-1.2135191666744986e-12,2.111848394913139,52.08203278688586
-23.0,21.0,-1.2135191666744986e-12,2.111848394913139,52.132000000000616
