-28.0,9.0,0.072907553222415,5.026548245743669,0.0
-27.98446251059322,8.952475441565012,0.072907553222415,5.030193623404795,0.05
-27.968751879843488,8.905007838792695,0.0729075532220318,5.03383900106592,0.1
-27.95286831652565,8.857597822468774,0.07290755322192971,5.037484378727046,0.15000000000000002
-27.93681203171263,8.810246022613772,0.07290755322364324,5.041129756388171,0.2
-27.920583238772593,8.762953068474538,0.07290755322276124,5.0447751340492974,0.25
-27.904182153366136,8.71571958851597,0.07290755322209648,5.0484205117104235,0.3
-27.88760899344341,8.668546210412629,0.07290755322203879,5.052065889371549,0.35
-27.870863979241214,8.621433561040359,0.07290755322317292,5.055711267032675,0.39999999999999997
-27.853947333280086,8.574382266468044,0.07290755322232687,5.0593566446938,0.44999999999999996
-27.836859280361328,8.527392951949187,0.0729075532218174,5.063002022354926,0.49999999999999994
-27.81960004756404,8.480466241913694,0.07290755322389035,5.066647400016052,0.5499999999999999
-27.80216986424209,8.43360275995953,0.0729075532211426,5.070292777677177,0.6
-27.784568962021055,8.386803128844406,0.07290755322346211,5.073938155338303,0.65
-27.76679757479517,8.340067970477575,0.07290755322153186,5.077583532999428,0.7000000000000001
-27.748855938724194,8.293397905911487,0.07290755322307113,5.081228910660554,0.7500000000000001
-27.730744292230288,8.246793555333607,0.07290755322349975,5.08487428832168,0.8000000000000002
-27.71246287599484,8.200255538058142,0.07290755322038117,5.088519665982806,0.8500000000000002
-27.694011932955274,8.15378447251778,0.07290755322411491,5.092165043643932,0.9000000000000002
-27.675391708301802,8.107380976255543,0.0729075532216301,5.095810421305057,0.9500000000000003
-27.65660244947419,8.061045665916502,0.07290755322385298,5.099455798966183,1.0000000000000002
-27.63764440615845,8.014779157239655,0.07290755322096809,5.103101176627309,1.0500000000000003
-27.618517830283555,7.968582065049704,0.0729075532234905,5.106746554288434,1.1000000000000003
-27.59922297601803,7.922455003248865,0.07290755322263594,5.11039193194956,1.1500000000000004
-27.579760099766645,7.876398584808779,0.07290755322235432,5.114037309610685,1.2000000000000004
-27.56012946016695,7.8304134217622785,0.07290755322231769,5.117682687271811,1.2500000000000004
-27.540331318085883,7.7845001251953345,0.07290755322173394,5.121328064932937,1.3000000000000005
-27.520365936616276,7.738659305238903,0.0729075532236644,5.1249734425940625,1.3500000000000005
-27.50023358107335,7.692891571060779,0.07290755322233664,5.128618820255189,1.4000000000000006
-27.47993451899123,7.647197530857583,0.07290755322187804,5.132264197916314,1.4500000000000006
-27.459469020119343,7.601577791846591,0.07290755322326738,5.13590957557744,1.5000000000000007
-27.43883735641887,7.556032960257739,0.07290755322212392,5.139554953238566,1.5500000000000007
-27.418039802059116,7.510563641325539,0.07290755322249087,5.143200330899691,1.6000000000000008
-27.397076633413857,7.465170439280997,0.07290755322182586,5.146845708560817,1.6500000000000008
-27.375948129057694,7.419853957343665,0.07290755322407828,5.150491086221942,1.7000000000000008
-27.35465456976231,7.3746147977135355,0.0729075532206472,5.154136463883068,1.7500000000000009
-27.333196238492796,7.329453561563117,0.07290755322376982,5.157781841544194,1.800000000000001
-27.31157342040384,7.2843708490294095,0.0729075532232043,5.161427219205319,1.850000000000001
-27.289786402835947,7.2393672592059,0.07290755322059189,5.1650725968664455,1.900000000000001
-27.267835475311664,7.1944433901346745,0.07290755322443153,5.168717974527571,1.950000000000001
-27.245720929531654,7.1495998387983875,0.07290755322196603,5.172363352188697,2.000000000000001
-27.2234430593709,7.104837201112402,0.07290755322077704,5.176008729849823,2.0500000000000007
-27.20100216087476,7.060156071916836,0.07290755322456036,5.179654107510948,2.1000000000000005
-27.17839853225501,7.015557044968631,0.07290755322203808,5.183299485172074,2.1500000000000004
-27.15563247388594,6.9710407129337355,0.0729075532218643,5.186944862833199,2.2
-27.13270428830031,6.926607667379136,0.07290755322323611,5.190590240494325,2.25
-27.109614280185358,6.882258498765083,0.07290755322225947,5.194235618155451,2.3
-27.08636275637875,6.837993796437202,0.07290755322224403,5.197880995816576,2.3499999999999996
-27.06295002586448,6.7938141486186385,0.07290755322275667,5.201526373477702,2.3999999999999995
-27.0393763997688,6.749720142402307,0.07290755322334838,5.205171751138828,2.4499999999999993
-27.015642191356033,6.705712363743008,0.07290755322133101,5.208817128799954,2.499999999999999
-26.99174771602448,6.66179139744972,0.07290755322373856,5.21246250646108,2.549999999999999
-26.967693291302176,6.6179578271777935,0.07290755322025837,5.216107884122205,2.5999999999999988
-26.943479236842677,6.574212235421154,0.07290755322383918,5.219753261783331,2.6499999999999986
-26.919105874420833,6.530555203504653,0.07290755322330834,5.223398639444456,2.6999999999999984
-26.894573527928483,6.486987311576243,0.07290755322224698,5.227044017105582,2.7499999999999982
-26.869882523370194,6.443509138599361,0.07290755322065548,5.230689394766707,2.799999999999998
-26.84503318885888,6.400121262345147,0.07290755322427994,5.234334772427833,2.849999999999998
-26.820025854611472,6.356824259384842,0.07290755322240204,5.237980150088959,2.8999999999999977
-26.79486085294453,6.313618705082092,0.07290755322262696,5.2416255277500845,2.9499999999999975
-26.7695385182698,6.270505173585272,0.07290755322166573,5.2452709054112105,2.9999999999999973
-26.744059187089817,6.227484237819931,0.07290755322310602,5.248916283072336,3.049999999999997
-26.71842319799337,6.184556469481091,0.07290755322261486,5.252561660733462,3.099999999999997
-26.692630891651067,6.1417224390257275,0.07290755322250994,5.256207038394588,3.149999999999997
-26.666682610810774,6.098982715665154,0.07290755322151377,5.259852416055713,3.1999999999999966
-26.64057870029305,6.0563378673574295,0.07290755322404598,5.263497793716839,3.2499999999999964
-26.6143195069866,6.013788460799882,0.07290755322134085,5.267143171377964,3.2999999999999963
-26.587905379843626,5.971335061421493,0.07290755322328264,5.27078854903909,3.349999999999996
-26.561336669875228,5.928978233375473,0.07290755322241395,5.274433926700215,3.399999999999996
-26.5346137301467,5.886718539531671,0.07290755322194875,5.278079304361341,3.4499999999999957
-26.507736915772877,5.844556541469183,0.07290755322244673,5.2817246820224675,3.4999999999999956
-26.4807065839134,5.8024927994688404,0.07290755322299627,5.285370059683593,3.5499999999999954
-26.453523093767938,5.760527872505745,0.07290755322285451,5.289015437344719,3.599999999999995
-26.426186806571483,5.718662318241911,0.07290755322189885,5.292660815005844,3.649999999999995
-26.39869808558948,5.6768966930187705,0.07290755322312964,5.29630619266697,3.699999999999995
-26.371057296113047,5.635231551849854,0.07290755322141572,5.299951570328096,3.7499999999999947
-26.343264805454112,5.593667448413379,0.07290755322366671,5.303596947989221,3.7999999999999945
-26.31532098294049,5.5522049350448714,0.07290755322195819,5.307242325650347,3.8499999999999943
-26.287226199911057,5.51084456272989,0.07290755322312258,5.310887703311472,3.899999999999994
-26.25898082971072,5.469586881096621,0.07290755322186371,5.314533080972598,3.949999999999994
-26.230585247685536,5.428432438408653,0.07290755322167501,5.318178458633724,3.999999999999994
-26.20203983117769,5.387381781557654,0.07290755322376022,5.32182383629485,4.049999999999994
-26.173344959520453,5.346435456056078,0.07290755322265757,5.325469213955976,4.099999999999993
-26.144501014033207,5.305594006029983,0.07290755322152583,5.329114591617101,4.149999999999993
-26.115508378016315,5.264857974211726,0.07290755322373221,5.332759969278227,4.199999999999993
-26.08636743674607,5.224227901932819,0.07290755322220088,5.336405346939352,4.249999999999993
-26.05707857746954,5.183704329116669,0.07290755322206435,5.340050724600478,4.299999999999993
-26.027642189399458,5.143287794271462,0.07290755322180927,5.343696102261604,4.3499999999999925
-25.998058663709035,5.102978834482984,0.0729075532241997,5.347341479922729,4.399999999999992
-25.96832839352673,5.062777985407457,0.07290755322142323,5.350986857583855,4.449999999999992
-25.938451773931092,5.022685781264473,0.07290755322314574,5.35463223524498,4.499999999999992
-25.90842920194544,4.982702754829839,0.07290755322100971,5.3582776129061065,4.549999999999992
-25.878261076532656,4.942829437428556,0.07290755322437573,5.361922990567232,4.599999999999992
-25.8479477985898,4.903066358927697,0.07290755322096844,5.365568368228358,4.6499999999999915
-25.817489770942874,4.863414047729419,0.0729075532242771,5.369213745889484,4.699999999999991
-25.786887398341403,4.823873030763919,0.07290755322073574,5.372859123550609,4.749999999999991
-25.756141087453077,4.784443833482405,0.07290755322382073,5.376504501211735,4.799999999999991
-25.72525124685836,4.745126979850178,0.07290755322192824,5.38014987887286,4.849999999999991
-25.69421828704503,4.705922992339589,0.07290755322233283,5.383795256533986,4.899999999999991
-25.663042620402756,4.666832391923169,0.07290755322235379,5.387440634195112,4.94999999999999
-25.631724661217614,4.627855698066677,0.07290755322345042,5.391086011856237,4.99999999999999
-25.60026482566654,4.588993428722161,0.07290755322176773,5.394731389517363,5.04999999999999
-25.56866353181187,4.550246100321152,0.07290755322238954,5.398376767178489,5.09999999999999
-25.536921199595707,4.511614227767715,0.07290755322252505,5.402022144839615,5.14999999999999
-25.50503825083441,4.473098324431681,0.07290755322341293,5.405667522500741,5.1999999999999895
-25.47301510921295,4.434698902141793,0.07290755322228198,5.409312900161866,5.249999999999989
-25.440852200279277,4.396416471178877,0.07290755322165154,5.412958277822992,5.299999999999989
-25.408549951438697,4.358251540269125,0.07290755322358605,5.416603655484117,5.349999999999989
-25.376108791948138,4.320204616577262,0.07290755322123302,5.420249033145243,5.399999999999989
-25.343529152910513,4.282276205699872,0.07290755322414447,5.423894410806369,5.449999999999989
-25.31081146726894,4.244466811658648,0.07290755322060757,5.427539788467494,5.4999999999999885
-25.27795616980101,4.206776936893672,0.07290755322427285,5.43118516612862,5.549999999999988
-25.244963697112997,4.1692070822567935,0.07290755322158236,5.4348305437897455,5.599999999999988
-25.21183448763407,4.131757747004914,0.07290755322283135,5.4384759214508716,5.649999999999988
-25.178568981610475,4.094429428793413,0.07290755322206365,5.442121299111997,5.699999999999988
-25.145167621099638,4.057222623669467,0.07290755322294706,5.445766676773123,5.749999999999988
-25.11163084996435,4.020137826065521,0.07290755322238517,5.449412054434249,5.799999999999987
-25.077959113866843,3.983175528792694,0.07290755322229799,5.453057432095374,5.849999999999987
-25.04415286026284,3.946336223034196,0.07290755322304246,5.4567028097565,5.899999999999987
-25.01021253839567,3.9096203983388707,0.07290755322183996,5.460348187417625,5.949999999999987
-24.97613859929023,3.8730285426146125,0.07290755322243839,5.463993565078751,5.999999999999987
-24.941931495747056,3.8365611421219583,0.07290755322325297,5.467638942739876,6.0499999999999865
-24.907591682336243,3.800218681467557,0.07290755322238898,5.471284320401002,6.099999999999986
-24.87311961539146,3.7640016435977817,0.07290755322280469,5.4749296980621285,6.149999999999986
-24.838515753003865,3.7279105097922978,0.07290755322106719,5.478575075723254,6.199999999999986
-24.80378055501599,3.691945759657629,0.07290755322369011,5.48222045338438,6.249999999999986
-24.768914483015678,3.656107871120854,0.07290755322281657,5.485865831045505,6.299999999999986
-24.733918000329904,3.620397320423187,0.07290755322189456,5.489511208706631,6.349999999999985
-24.698791572018663,3.5848145821137,0.07290755322240018,5.493156586367757,6.399999999999985
-24.663535664868764,3.5493601290429986,0.07290755322296176,5.496801964028882,6.449999999999985
-24.6281507473876,3.514034432356909,0.07290755322189774,5.500447341690008,6.499999999999985
-24.592637289796997,3.4788379614902807,0.07290755322301049,5.504092719351133,6.549999999999985
-24.556995764026876,3.4437711841606786,0.07290755322284385,5.507738097012259,6.5999999999999845
-24.521226643709053,3.408834566362221,0.07290755322216876,5.511383474673385,6.649999999999984
-24.485330404170924,3.3740285723593724,0.0729075532220103,5.515028852334511,6.699999999999984
-24.449307522429113,3.3393536646807416,0.07290755322271168,5.518674229995637,6.749999999999984
-24.41315847718319,3.304810304112994,0.07290755322360681,5.522319607656762,6.799999999999984
-24.37688374880926,3.270398949694668,0.07290755322079999,5.525964985317888,6.849999999999984
-24.34048381935362,3.23612005871012,0.07290755322292505,5.529610362979014,6.8999999999999835
-24.30395917252633,3.201974086683439,0.072907553224012,5.533255740640139,6.949999999999983
-24.26731029369477,3.1679614873723594,0.07290755322104754,5.536901118301265,6.999999999999983
-24.23053766987725,3.134082712762286,0.07290755322268794,5.54054649596239,7.049999999999983
-24.193641789736454,3.1003382130602297,0.07290755322319603,5.544191873623516,7.099999999999983
-24.15662314357302,3.0667284366888845,0.07290755322239688,5.5478372512846414,7.149999999999983
-24.11948222331898,3.033253830280608,0.07290755322123564,5.5514826289457675,7.199999999999982
-24.082219522531254,2.999914838671545,0.07290755322362924,5.555128006606893,7.249999999999982
-24.04483553638504,2.9667119048956563,0.07290755322251864,5.558773384268019,7.299999999999982
-24.007330761667305,2.933645470178887,0.07290755322311471,5.562418761929145,7.349999999999982
-23.96970569677014,2.9007159739332815,0.07290755322150086,5.56606413959027,7.399999999999982
-23.931960841684127,2.867923853751111,0.07290755322184234,5.569709517251396,7.4499999999999815
-23.894096697991735,2.8352695453991243,0.07290755322407139,5.573354894912521,7.499999999999981
-23.85611376886059,2.8027534828126894,0.07290755322142455,5.577000272573647,7.549999999999981
-23.81801255903688,2.7703760980900807,0.07290755322280498,5.580645650234773,7.599999999999981
-23.77979357483858,2.7381378214867205,0.07290755322243975,5.584291027895898,7.649999999999981
-23.74145732414871,2.7060390814094246,0.0729075532233164,5.587936405557024,7.699999999999981
-23.703004316408663,2.674080304410781,0.07056530760678942,5.59158178321815,7.7499999999999805
-23.66443878348121,2.642257393758352,0.020315370424302193,5.594303128264798,7.79999999999998
-23.62584093009683,2.6104736602753587,1.1761425167122958e-12,5.594303128264798,7.84999999999998
-23.58724307671245,2.578689926792366,-1.1796119636642494e-12,5.594303128264798,7.89999999999998
-23.548645223328073,2.546906193309373,9.020562075079403e-13,5.594303128264798,7.94999999999998
-23.510047369943692,2.5151224598263795,-6.314393452555689e-13,5.594303128264798,7.99999999999998
-23.471449516559314,2.483338726343387,3.5388358909926885e-13,5.594303128264798,8.04999999999998
-23.432851663174933,2.451554992860393,2.740863092043085e-13,5.594303128264798,8.09999999999998
-23.394253809790552,2.4197712593773995,-9.055256544598939e-13,5.594303128264798,8.14999999999998
-23.355655956406174,2.387987525894406,9.020562075079403e-13,5.594303128264798,8.199999999999982
-23.317058103021793,2.3562037924114128,-2.740863092043085e-13,5.594303128264798,8.249999999999982
-23.278460249637412,2.3244200589284185,2.740863092043085e-13,5.594303128264798,8.299999999999983
-23.23986239625303,2.292636325445425,-9.055256544598939e-13,5.594303128264798,8.349999999999984
-23.201264542868653,2.260852591962432,6.27969898303594e-13,5.594303128264798,8.399999999999984
-23.162666689484272,2.2290688584794376,2.740863092043085e-13,5.594303128264798,8.449999999999985
-23.12406883609989,2.1972851249964442,-9.055256544598939e-13,5.594303128264798,8.499999999999986
-23.085470982715513,2.165501391513451,6.27969898303594e-13,5.594303128264798,8.549999999999986
-23.046873129331132,2.1337176580304567,2.740863092043085e-13,5.594303128264798,8.599999999999987
-23.00827527594675,2.1019339245474633,2.740863092043178e-13,5.594303128264798,8.649999999999988
-22.96967742256237,2.070150191064471,-1.1796119636642494e-12,5.594303128264798,8.699999999999989
-22.931079569177992,2.0383664575814775,3.538835890992569e-13,5.594303128264798,8.74999999999999
-22.89248171579361,2.0065827240984824,5.481726184086078e-13,5.594303128264798,8.79999999999999
-22.85388386240923,1.974798990615489,-9.055256544598939e-13,5.594303128264798,8.84999999999999
-22.815286009024852,1.9430152571324957,9.020562075079403e-13,5.594303128264798,8.899999999999991
-22.77668815564047,1.9112315236495023,0.0,5.594303128264798,8.949999999999992
-22.73809030225609,1.879447790166509,-2.740863092043085e-13,5.594303128264798,8.999999999999993
-22.69949244887171,1.8476640566835147,-6.314393452555475e-13,5.594303128264798,9.049999999999994
-22.66089459548733,1.8158803232005214,9.020562075079403e-13,5.594303128264798,9.099999999999994
-22.62229674210295,1.784096589717528,-1.453698272868516e-12,5.594303128264798,9.149999999999995
-22.583698888718573,1.752312856234533,1.453698272868516e-12,5.594303128264798,9.199999999999996
-22.54510103533419,1.7205291227515396,0.0,5.594303128264798,9.249999999999996
-22.50650318194981,1.6887453892685462,2.740863092043178e-13,5.594303128264798,9.299999999999997
-22.46790532856543,1.6569616557855538,-1.7277845820728718e-12,5.594303128264798,9.349999999999998
-22.42930747518105,1.6251779223025586,1.453698272868516e-12,5.594303128264798,9.399999999999999
-22.39070962179667,1.5933941888195653,0.0,5.594303128264798,9.45
-22.35211176841229,1.561610455336572,-9.055256544598939e-13,5.594303128264798,9.5
-22.31351391502791,1.5298267218535786,9.020562075079403e-13,5.594303128264798,9.55
-22.27491606164353,1.4980429883705852,0.0,5.594303128264798,9.600000000000001
-22.23631820825915,1.466259254887592,-2.740863092043085e-13,5.594303128264798,9.650000000000002
-22.197720354874768,1.4344755214045977,-6.314393452555475e-13,5.594303128264798,9.700000000000003
-22.15912250149039,1.4026917879216043,9.020562075079403e-13,5.594303128264798,9.750000000000004
-22.12052464810601,1.370908054438611,0.0,5.594303128264798,9.800000000000004
-22.08192679472163,1.3391243209556176,-9.055256544598939e-13,5.594303128264798,9.850000000000005
-22.04332894133725,1.3073405874726243,6.27969898303594e-13,5.594303128264798,9.900000000000006
-22.00473108795287,1.27555685398963,2.740863092043085e-13,5.594303128264798,9.950000000000006
-21.96613323456849,1.2437731205066367,0.0,5.594303128264798,10.000000000000007
-21.927535381184107,1.2119893870236433,-9.055256544598939e-13,5.594303128264798,10.050000000000008
-21.88893752779973,1.18020565354065,3.538835890992569e-13,5.594303128264798,10.100000000000009
-21.85033967441535,1.1484219200576549,-3.538835890992569e-13,5.594303128264798,10.15000000000001
-21.81174182103097,1.1166381865746615,9.020562075079403e-13,5.594303128264798,10.20000000000001
-21.77314396764659,1.0848544530916682,0.0,5.594303128264798,10.25000000000001
-21.73454611426221,1.0530707196086748,-2.740863092043085e-13,5.594303128264798,10.300000000000011
-21.695948260877827,1.0212869861256806,-9.05525654459863e-13,5.594303128264798,10.350000000000012
-21.65735040749345,0.9895032526426863,1.4502288259166117e-12,5.594303128264798,10.400000000000013
-21.61875255410907,0.9577195191596939,0.0,5.594303128264798,10.450000000000014
-21.580154700724687,0.9259357856767014,-1.4536982728685654e-12,5.594303128264798,10.500000000000014
-21.54155684734031,0.8941520521937072,9.020562075079095e-13,5.594303128264798,10.550000000000015
-21.50295899395593,0.862368318710713,0.0,5.594303128264798,10.600000000000016
-21.464361140571548,0.8305845852277187,0.0,5.594303128264798,10.650000000000016
-21.425763287187166,0.7988008517447245,-3.5735303605122246e-13,5.594303128264798,10.700000000000017
-21.38716543380279,0.767017118261732,3.5388358909926885e-13,5.594303128264798,10.750000000000018
-21.348567580418408,0.7352333847787378,-3.5735303605122246e-13,5.594303128264798,10.800000000000018
-21.30996972703403,0.7034496512957453,1.2594092435590592e-12,5.594303128264798,10.85000000000002
-21.271371873649645,0.6716659178127511,-1.255939796607106e-12,5.594303128264798,10.90000000000002
-21.232774020265268,0.6398821843297586,3.5388358909926885e-13,5.594303128264798,10.95000000000002
-21.194176166880887,0.6080984508467644,5.481726184086264e-13,5.594303128264798,11.000000000000021
-21.155578313496505,0.5763147173637719,-1.0963452368172153e-12,5.594303128264798,11.050000000000022
-21.116980460112124,0.5445309838807759,1.942890293093959e-13,5.594303128264798,11.100000000000023
-21.078382606727747,0.5127472503977835,0.0,5.594303128264798,11.150000000000023
-21.03978475334337,0.480963516914791,3.5388358909926885e-13,5.594303128264798,11.200000000000024
-21.001186899958988,0.44917978343179676,0.0,5.594303128264798,11.250000000000025
-20.962589046574607,0.4173960499488025,0.0,5.594303128264798,11.300000000000026
-20.923991193190226,0.3856123164658083,-3.5735303605122246e-13,5.594303128264798,11.350000000000026
-20.885393339805848,0.35382858298281583,1.2594092435590592e-12,5.594303128264798,11.400000000000027
-20.846795486421463,0.3220448494998216,-1.8075818619676236e-12,5.594303128264798,11.450000000000028
-20.808197633037086,0.29026111601682736,5.481726184087166e-13,5.594303128264798,11.500000000000028
-20.769599779652708,0.2584773825338349,3.5388358909926885e-13,5.594303128264798,11.55000000000003
-20.731001926268327,0.22669364905084066,0.0,5.594303128264798,11.60000000000003
-20.692404072883946,0.19490991556784643,0.0,5.594303128264798,11.65000000000003
-20.653806219499565,0.1631261820848522,5.481726184086264e-13,5.594303128264798,11.700000000000031
-20.615208366115183,0.13134244860185973,-9.055256544599245e-13,5.594303128264798,11.750000000000032
-20.576610512730806,0.09955871511886727,3.5388358909926885e-13,5.594303128264798,11.800000000000033
-20.538012659346425,0.06777498163587303,-3.5735303605122246e-13,5.594303128264798,11.850000000000033
-20.499414805962047,0.03599124815288057,3.5388358909926885e-13,5.594303128264798,11.900000000000034
-20.460816952577666,0.004207514669886336,0.0,5.594303128264798,11.950000000000035
-20.422219099193285,-0.0275762188131079,0.0,5.594303128264798,12.000000000000036
-20.383621245808904,-0.059359952296102136,-3.5735303605122246e-13,5.594303128264798,12.050000000000036
-20.345023392424526,-0.0911436857790946,9.020562075079708e-13,5.594303128264798,12.100000000000037
-20.306425539040145,-0.12292741926208706,-1.0963452368172153e-12,5.594303128264798,12.150000000000038
-20.267827685655764,-0.15471115274508307,1.0963452368172153e-12,5.594303128264798,12.200000000000038
-20.229229832271383,-0.18649488622807553,-1.4536982728685654e-12,5.594303128264798,12.250000000000039
-20.190631978887005,-0.21827861971106977,1.4502288259166117e-12,5.594303128264798,12.30000000000004
-20.152034125502624,-0.2500623531940622,-5.481726184086264e-13,5.594303128264798,12.35000000000004
-20.113436272118243,-0.28184608667705646,0.0,5.594303128264798,12.400000000000041
-20.07483841873386,-0.3136298201600507,-3.5735303605122246e-13,5.594303128264798,12.450000000000042
-20.036240565349484,-0.34541355364304316,-5.481726184087166e-13,5.594303128264798,12.500000000000043
-19.997642711965106,-0.3771972871260374,1.8075818619676236e-12,5.594303128264798,12.550000000000043
-19.95904485858072,-0.40898102060903163,-1.8075818619676236e-12,5.594303128264798,12.600000000000044
-19.920447005196344,-0.44076475409202587,1.4502288259166117e-12,5.594303128264798,12.650000000000045
-19.881849151811963,-0.47254848757501833,-5.481726184086264e-13,5.594303128264798,12.700000000000045
-19.84325129842758,-0.5043322210580126,-3.5735303605122246e-13,5.594303128264798,12.750000000000046
-19.804653445043204,-0.536115954541005,9.020562075079708e-13,5.594303128264798,12.800000000000047
-19.766055591658823,-0.5678996880239975,-1.4536982728685654e-12,5.594303128264798,12.850000000000048
-19.727457738274445,-0.5996834215069917,9.020562075079095e-13,5.594303128264798,12.900000000000048
-19.688859884890064,-0.631467154989986,0.0,5.594303128264798,12.950000000000049
-19.650262031505683,-0.6632508884729802,5.481726184086264e-13,5.594303128264798,13.00000000000005
-19.611664178121302,-0.6950346219559727,-1.4536982728685654e-12,5.594303128264798,13.05000000000005
-19.573066324736924,-0.7268183554389669,1.8075818619676236e-12,5.594303128264798,13.100000000000051
-19.53446847135254,-0.7586020889219611,-2.161465451067103e-12,5.594303128264798,13.150000000000052
-19.495870617968166,-0.7903858224049536,1.2594092435592666e-12,5.594303128264798,13.200000000000053
-19.457272764583784,-0.8221695558879478,5.481726184086264e-13,5.594303128264798,13.250000000000053
-19.418674911199403,-0.8539532893709403,-1.0963452368172153e-12,5.594303128264798,13.300000000000054
-19.380077057815022,-0.8857370228539363,1.0963452368172153e-12,5.594303128264798,13.350000000000055
-19.34147920443064,-0.9175207563369288,-9.055256544599245e-13,5.594303128264798,13.400000000000055
-19.302881351046263,-0.9493044898199212,7.112366251504087e-13,5.594303128264798,13.450000000000056
-19.26428349766188,-0.9810882233029172,-7.112366251504087e-13,5.594303128264798,13.500000000000057
-19.2256856442775,-1.0128719567859097,-5.481726184087166e-13,5.594303128264798,13.550000000000058
-19.187087790893123,-1.044655690268904,1.4502288259166117e-12,5.594303128264798,13.600000000000058
-19.148489937508742,-1.0764394237518964,-5.481726184086264e-13,5.594303128264798,13.650000000000059
-19.10989208412436,-1.1082231572348906,5.481726184086264e-13,5.594303128264798,13.70000000000006
-19.07129423073998,-1.140006890717883,-5.481726184086264e-13,5.594303128264798,13.75000000000006
-19.0326963773556,-1.1717906242008773,-1.2594092435592666e-12,5.594303128264798,13.800000000000061
-18.994098523971225,-1.2035743576838698,2.161465451067103e-12,5.594303128264798,13.850000000000062
-18.95550067058684,-1.235358091166864,-1.255939796607106e-12,5.594303128264798,13.900000000000063
-18.916902817202462,-1.2671418246498565,-1.942890293093959e-13,5.594303128264798,13.950000000000063
-18.87830496381808,-1.2989255581328525,1.0963452368172153e-12,5.594303128264798,14.000000000000064
-18.8397071104337,-1.330709291615845,-1.4536982728685654e-12,5.594303128264798,14.050000000000065
-18.801109257049323,-1.3624930250988392,2.3557544803763118e-12,5.594303128264798,14.100000000000065
-18.762511403664938,-1.3942767585818316,-2.001870891276839e-12,5.594303128264798,14.150000000000066
-18.723913550280557,-1.4260604920648277,-1.6306400674183337e-13,5.594303128264798,14.200000000000067
-18.685315696896183,-1.4578442255478183,1.6306400674183337e-13,5.594303128264798,14.250000000000068
-18.6467178435118,-1.4896279590308144,5.481726184085892e-13,5.594303128264798,14.300000000000068
-18.60811999012742,-1.5214116925138086,5.481726184086264e-13,5.594303128264798,14.350000000000069
-18.56952213674304,-1.553195425996801,-5.481726184086264e-13,5.594303128264798,14.40000000000007
-18.530924283358658,-1.5849791594797953,1.9081958235745532e-13,5.594303128264798,14.45000000000007
-18.49232642997428,-1.616762892962786,-7.424616477180739e-13,5.594303128264798,14.500000000000071
-18.4537285765899,-1.648546626445782,1.0963452368172153e-12,5.594303128264798,14.550000000000072
-18.415130723205518,-1.6803303599287744,-1.4536982728685654e-12,5.594303128264798,14.600000000000072
-18.37653286982114,-1.7121140934117687,1.4502288259166117e-12,5.594303128264798,14.650000000000073
-18.33793501643676,-1.7438978268947611,-5.481726184086264e-13,5.594303128264798,14.700000000000074
-18.29933716305238,-1.7756815603777554,5.481726184086264e-13,5.594303128264798,14.750000000000075
-18.260739309667997,-1.8074652938607478,-2.0018708912771687e-12,5.594303128264798,14.800000000000075
-18.22214145628362,-1.8392490273437438,1.453698272868467e-12,5.594303128264798,14.850000000000076
-18.18354360289924,-1.871032760826738,-3.5735303605122246e-13,5.594303128264798,14.900000000000077
-18.14494574951486,-1.9028164943097305,3.5388358909926885e-13,5.594303128264798,14.950000000000077
-18.10634789613048,-1.9346002277927248,5.481726184086264e-13,5.594303128264798,15.000000000000078
-18.0677500427461,-1.9663839612757172,0.0,5.594303128264798,15.050000000000079
-18.029152189361717,-1.9981676947587097,-1.0963452368172153e-12,5.594303128264798,15.10000000000008
-17.990554335977336,-2.0299514282417057,7.424616477180739e-13,5.594303128264798,15.15000000000008
-17.95195648259296,-2.0617351617246964,-7.424616477180739e-13,5.594303128264798,15.200000000000081
-17.913358629208577,-2.0935188952076924,-3.5388358909924487e-13,5.594303128264798,15.250000000000082
-17.8747607758242,-2.1253026286906866,1.4502288259166117e-12,5.594303128264798,15.300000000000082
-17.83616292243982,-2.157086362173679,-5.481726184086264e-13,5.594303128264798,15.350000000000083
-17.797565069055437,-2.1888700956566733,-3.5735303605122246e-13,5.594303128264798,15.400000000000084
-17.75896721567106,-2.220653829139666,3.5388358909926885e-13,5.594303128264798,15.450000000000085
-17.72036936228668,-2.25243756262266,5.481726184086264e-13,5.594303128264798,15.500000000000085
-17.681771508902298,-2.2842212961056525,-1.4536982728685654e-12,5.594303128264798,15.550000000000086
-17.64317365551792,-2.3160050295886467,1.4502288259166117e-12,5.594303128264798,15.600000000000087
-17.60457580213354,-2.347788763071639,-1.0963452368172153e-12,5.594303128264798,15.650000000000087
-17.565977948749158,-2.379572496554635,1.644517855225879e-12,5.594303128264798,15.700000000000088
-17.527380095364776,-2.411356230037626,-1.6479873021778322e-12,5.594303128264798,15.750000000000089
-17.488782241980395,-2.443139963520622,5.481726184085892e-13,5.594303128264798,15.80000000000009
-17.450184388596014,-2.474923697003616,-1.2594092435592666e-12,5.594303128264798,15.85000000000009
-17.41158653521164,-2.5067074304866086,1.2594092435592666e-12,5.594303128264798,15.900000000000091
-17.37298868182726,-2.538491163969603,5.481726184086264e-13,5.594303128264798,15.950000000000092
-17.334390828442878,-2.5702748974525953,-5.481726184086264e-13,5.594303128264798,16.000000000000092
-17.295792975058497,-2.6020586309355895,0.0,5.594303128264798,16.050000000000093
-17.257195121674116,-2.6338423644185838,1.9081958235745532e-13,5.594303128264798,16.100000000000094
-17.218597268289738,-2.6656260979015745,0.002900291899237133,5.594303128264798,16.150000000000095
-17.17999480771883,-2.6974042325530903,0.054118172074624264,5.595331362653621,16.200000000000095
-17.14130651975209,-2.729077779965854,0.07290755322391093,5.598976740314747,16.250000000000096
-17.102503027058646,-2.7606100838191256,0.07290755322140302,5.602622117975872,16.300000000000097
-17.06358484528893,-2.7920007250875933,0.07290755322306619,5.606267495636998,16.350000000000097
-17.024552491617463,-2.8232492866284353,0.07290755322122189,5.609912873298124,16.400000000000098
-16.98540648473598,-2.854355353186902,0.07290755322399603,5.613558250959249,16.4500000000001
-16.946147344846484,-2.885318511401838,0.07290755322216891,5.617203628620375,16.5000000000001
-16.906775593654416,-2.9161383498111526,0.07290755322238263,5.620849006281501,16.5500000000001
-16.86729175436168,-2.9468144588572898,0.07290755322224217,5.6244943839426265,16.6000000000001
-16.827696351659664,-2.9773464308927036,0.07290755322249147,5.6281397616037525,16.6500000000001
-16.78798991172232,-3.0077338601852297,0.07290755322260087,5.631785139264879,16.700000000000102
-16.74817296219915,-3.037976342923498,0.07290755322224403,5.635430516926004,16.750000000000103
-16.708246032208166,-3.068073477222317,0.07290755322313255,5.63907589458713,16.800000000000104
-16.668209652328905,-3.0980248631279803,0.07290755322204213,5.642721272248256,16.850000000000104
-16.62806435459537,-3.1278301026235926,0.07290755322250844,5.646366649909381,16.900000000000105
-16.58781067248891,-3.157488799634388,0.07290755322341351,5.650012027570507,16.950000000000106
-16.547449140931196,-3.1870005600329456,0.0729075532217597,5.653657405231633,17.000000000000107
-16.506980296277092,-3.216364991644454,0.07290755322228784,5.657302782892758,17.050000000000107
-16.466404676307484,-3.24558170425194,0.07290755322382453,5.660948160553884,17.100000000000108
-16.425722820222205,-3.2746503096014017,0.07290755322071789,5.66459353821501,17.15000000000011
-16.384935268632834,-3.3035704214070183,0.07290755322322014,5.6682389158761355,17.20000000000011
-16.344042563555476,-3.33234165535627,0.07290755322297286,5.6718842935372615,17.25000000000011
-16.303045248403635,-3.360963629115023,0.07290755322197309,5.675529671198388,17.30000000000011
-16.261943867980946,-3.389435962332632,0.0729075532224178,5.679175048859513,17.35000000000011
-16.22073896847392,-3.417758276647003,0.07290755322320973,5.682820426520639,17.400000000000112
-16.17943109744473,-3.4459301956895914,0.07290755322208174,5.686465804181765,17.450000000000113
-16.138020803823924,-3.473951345090418,0.07290755322263932,5.69011118184289,17.500000000000114
-16.096508637903078,-3.501821352483068,0.07290755322121431,5.693756559504016,17.550000000000114
-16.054895151327564,-3.5295398475095983,0.07290755322473434,5.697401937165142,17.600000000000115
-16.01318089708917,-3.5571064618254677,0.07290755322084645,5.701047314826267,17.650000000000116
-15.971366429518751,-3.5845208291044752,0.07290755322351446,5.704692692487393,17.700000000000117
-15.929452304278877,-3.611782585043567,0.07290755322167157,5.708338070148519,17.750000000000117
-15.88743907835647,-3.638891367367707,0.07290755322294376,5.7119834478096445,17.800000000000118
-15.845327310055328,-3.66584681583471,0.07290755322291169,5.715628825470771,17.85000000000012
-15.803117558988799,-3.6926485722399853,0.07290755322232179,5.719274203131897,17.90000000000012
-15.760810386072292,-3.719296280421325,0.07290755322180252,5.722919580793022,17.95000000000012
-15.718406353515807,-3.7457895862636494,0.07290755322376387,5.726564958454148,18.00000000000012
-15.675906024816527,-3.772128137703662,0.07290755322153973,5.730210336115273,18.05000000000012
-15.633309964751254,-3.7983115847345985,0.07290755322257134,5.733855713776399,18.100000000000122
-15.590618739368967,-3.824339579410813,0.0729075532232653,5.737501091437525,18.150000000000123
-15.547832915983278,-3.8502117758524292,0.07290755322194102,5.74114646909865,18.200000000000124
-15.504953063164859,-3.875927830249962,0.07290755322211191,5.744791846759776,18.250000000000124
-15.461979750733944,-3.901487400868838,0.07290755322308443,5.748437224420902,18.300000000000125
-15.418913549752734,-3.926890148053957,0.07290755322240046,5.7520826020820275,18.350000000000126
-15.375755032517771,-3.952135734234231,0.07290755322256368,5.7557279797431535,18.400000000000126
-15.332504772552397,-3.9772238239270283,0.07290755322199946,5.75937335740428,18.450000000000127
-15.289163344599103,-4.002154083742651,0.07290755322271647,5.763018735065405,18.500000000000128
-15.245731324611857,-4.026926182388781,0.07290755322364809,5.766664112726531,18.55000000000013
-15.202209289748511,-4.051539790674848,0.07290755322173298,5.770309490387657,18.60000000000013
-15.158597818363113,-4.075994581516429,0.0729075532221987,5.773954868048782,18.65000000000013
-15.11489748999817,-4.100290229939603,0.07290755322274375,5.777600245709908,18.70000000000013
-15.071108885377026,-4.1244264130852315,0.07290755322252841,5.781245623371034,18.75000000000013
-15.027232586396105,-4.14840281021328,0.07290755322236515,5.784891001032159,18.800000000000132
-14.983269176117151,-4.172219102707087,0.07290755322268856,5.788536378693285,18.850000000000133
-14.939219238759538,-4.195874974077567,0.072907553222002,5.792181756354411,18.900000000000134
-14.895083359692482,-4.219370109967432,0.07290755322330955,5.7958271340155365,18.950000000000134
-14.850862125427222,-4.242704198155385,0.07290755322165415,5.799472511676663,19.000000000000135
-14.806556123609296,-4.265876928560244,0.07290755322386648,5.803117889337789,19.050000000000136
-14.762165943010697,-4.288887993245062,0.07290755322145513,5.806763266998914,19.100000000000136
-14.717692173522025,-4.311737086421255,0.07290755322271249,5.81040864466004,19.150000000000137
-14.673135406144688,-4.334423904452622,0.07290755322293195,5.814054022321166,19.200000000000138
-14.628496232983052,-4.356948145859393,0.07290755322164469,5.817699399982291,19.25000000000014
-14.583775247236511,-4.379309511322264,0.07290755322304303,5.821344777643417,19.30000000000014
-14.538973043191685,-4.401507703686326,0.07290755322254712,5.824990155304543,19.35000000000014
-14.49409021621448,-4.423542427965046,0.07290755322242229,5.828635532965668,19.40000000000014
-14.44912736274215,-4.445413391344193,0.07290755322258133,5.832280910626794,19.45000000000014
-14.404085080275436,-4.4671203031857,0.07290755322226114,5.83592628828792,19.500000000000142
-14.358963967370592,-4.488662875031544,0.07290755322305112,5.8395716659490455,19.550000000000143
-14.313764623631394,-4.510040820607589,0.07290755322223565,5.843217043610172,19.600000000000144
-14.268487649701253,-4.531253855827366,0.07290755322145828,5.846862421271298,19.650000000000144
-14.22313364725518,-4.552301698795862,0.0729075532245609,5.850507798932423,19.700000000000145
-14.177703218991763,-4.573184069813273,0.07290755322078002,5.854153176593549,19.750000000000146
-14.13219696862524,-4.593900691378709,0.07290755322308565,5.857798554254675,19.800000000000146
-14.086615500877421,-4.614451288193875,0.0729075532224552,5.8614439319158,19.850000000000147
-14.040959421469632,-4.63483558716676,0.07290755322275626,5.865089309576926,19.900000000000148
-13.99522933711473,-4.655053317415229,0.07290755322285233,5.868734687238052,19.95000000000015
-13.949425855509006,-4.6751042102706375,0.07290755322238424,5.872380064899177,20.00000000000015
-13.903549585324075,-4.694987999281423,0.07290755322203087,5.876025442560303,20.05000000000015
-13.85760113619887,-4.714704420216606,0.07290755322259393,5.8796708202214285,20.10000000000015
-13.81158111873144,-4.734253211069339,0.0729075532233775,5.8833161978825546,20.15000000000015
-13.765490144470935,-4.753634112060352,0.07290755322047122,5.886961575543681,20.200000000000152
-13.71932882590942,-4.772846865641441,0.07290755322446761,5.890606953204806,20.250000000000153
-13.673097776473726,-4.791891216498861,0.07290755322236395,5.894252330865932,20.300000000000153
-13.626797610517347,-4.81076691155674,0.0729075532221483,5.897897708527058,20.350000000000154
-13.580428943312254,-4.829473699980424,0.0729075532209072,5.901543086188183,20.400000000000155
-13.533992391040684,-4.848011333179835,0.07290755322423831,5.905188463849309,20.450000000000156
-13.487488570787008,-4.866379564812737,0.07290755322218542,5.908833841510435,20.500000000000156
-13.440918100529512,-4.884578150788043,0.07290755322285548,5.91247921917156,20.550000000000157
-13.394281599132139,-4.902606849269054,0.07290755322209756,5.916124596832686,20.600000000000158
-13.347579686336346,-4.9204654206766545,0.0729075532237743,5.919769974493812,20.65000000000016
-13.300812982752818,-4.938153627692504,0.07290755322088893,5.9234153521549375,20.70000000000016
-13.253982109853206,-4.955671235262216,0.07290755322348803,5.927060729816064,20.75000000000016
-13.207087689961911,-4.973018010598436,0.07290755322090386,5.93070610747719,20.80000000000016
-13.160130346247811,-4.9901937231839675,0.07290755322423924,5.934351485138315,20.85000000000016
-13.113110702715916,-5.007198144774829,0.07290755322173062,5.937996862799441,20.900000000000162
-13.066029384199167,-5.024031049403284,0.07290755322251485,5.941642240460567,20.950000000000163
-13.018887016350083,-5.0406922133808365,0.07290755322327765,5.945287618121692,21.000000000000163
-12.971684225632426,-5.057181415301223,0.07290755322191879,5.948932995782818,21.050000000000164
-12.937465565840458,-5.069014386931277,0.03060042750351624,5.951572749300664,21.09996721311492
-12.890134424296955,-5.085311805933228,2.29911750951144e-13,5.951572749300664,21.149934426229674
-12.842803282753449,-5.101609224935178,-2.3164041073273155e-13,5.951572749300664,21.19990163934443
-12.795472141209945,-5.117906643937128,2.29911750951144e-13,5.951572749300664,21.249868852459183
-12.74814099966644,-5.134204062939078,-2.3164041073273155e-13,5.951572749300664,21.29983606557394
-12.700809858122936,-5.150501481941029,0.0,5.951572749300664,21.349803278688693
-12.653478716579432,-5.166798900942979,2.29911750951144e-13,5.951572749300664,21.399770491803448
-12.606147575035926,-5.183096319944929,-2.3164041073273155e-13,5.951572749300664,21.449737704918203
-12.558816433492423,-5.199393738946879,0.0,5.951572749300664,21.499704918032958
-12.511485291948919,-5.21569115794883,2.29911750951144e-13,5.951572749300664,21.549672131147712
-12.464154150405413,-5.23198857695078,-2.3164041073273155e-13,5.951572749300664,21.599639344262467
-12.41682300886191,-5.24828599595273,0.0,5.951572749300664,21.649606557377222
-12.369491867318406,-5.26458341495468,2.29911750951144e-13,5.951572749300664,21.699573770491977
-12.3221607257749,-5.280880833956631,-2.3164041073273155e-13,5.951572749300664,21.74954098360673
-12.274829584231396,-5.297178252958581,2.29911750951144e-13,5.951572749300664,21.799508196721487
-12.22749844268789,-5.313475671960531,-2.3164041073273155e-13,5.951572749300664,21.84947540983624
-12.180167301144387,-5.329773090962481,3.353599976280042e-13,5.951572749300664,21.899442622950996
-12.132836159600883,-5.346070509964431,-1.0371958689525383e-13,5.951572749300664,21.94940983606575
-12.085505018057377,-5.362367928966381,-2.3164041073273155e-13,5.951572749300664,21.999377049180506
-12.038173876513873,-5.378665347968331,2.29911750951144e-13,5.951572749300664,22.04934426229526
-11.990842734970368,-5.3949627669702815,-2.3164041073273155e-13,5.951572749300664,22.099311475410016
-11.943511593426864,-5.411260185972232,0.0,5.951572749300664,22.14927868852477
-11.89618045188336,-5.427557604974182,2.29911750951144e-13,5.951572749300664,22.199245901639525
-11.848849310339855,-5.443855023976132,-2.3164041073273155e-13,5.951572749300664,22.24921311475428
-11.80151816879635,-5.4601524429780826,0.0,5.951572749300664,22.299180327869035
-11.754187027252847,-5.476449861980033,2.29911750951144e-13,5.951572749300664,22.34914754098379
-11.706855885709341,-5.492747280981983,-2.3164041073273155e-13,5.951572749300664,22.399114754098544
-11.659524744165838,-5.509044699983933,0.0,5.951572749300664,22.4490819672133
-11.612193602622334,-5.525342118985884,2.29911750951144e-13,5.951572749300664,22.499049180328054
-11.564862461078828,-5.541639537987834,-2.3164041073273155e-13,5.951572749300664,22.54901639344281
-11.517531319535324,-5.557936956989784,2.29911750951144e-13,5.951572749300664,22.598983606557564
-11.470200177991819,-5.574234375991734,-2.3164041073273155e-13,5.951572749300664,22.64895081967232
-11.422869036448315,-5.590531794993685,0.0,5.951572749300664,22.698918032787073
-11.375537894904811,-5.606829213995635,2.29911750951144e-13,5.951572749300664,22.74888524590183
-11.328206753361306,-5.623126632997585,-2.3164041073273155e-13,5.951572749300664,22.798852459016583
-11.280875611817802,-5.639424051999535,2.29911750951144e-13,5.951572749300664,22.848819672131338
-11.233544470274296,-5.655721471001486,-2.3164041073273155e-13,5.951572749300664,22.898786885246093
-11.186213328730792,-5.672018890003436,0.0,5.951572749300664,22.948754098360848
-11.138882187187289,-5.688316309005386,2.29911750951144e-13,5.951572749300664,22.998721311475602
-11.091551045643783,-5.704613728007336,-2.3164041073273155e-13,5.951572749300664,23.048688524590357
-11.044219904100279,-5.720911147009287,0.0,5.951572749300664,23.098655737705112
-10.996888762556775,-5.737208566011237,2.29911750951144e-13,5.951572749300664,23.148622950819867
-10.94955762101327,-5.753505985013187,-2.3164041073273155e-13,5.951572749300664,23.19859016393462
-10.902226479469766,-5.769803404015137,0.0,5.951572749300664,23.248557377049377
-10.854895337926262,-5.786100823017088,2.29911750951144e-13,5.951572749300664,23.29852459016413
-10.807564196382756,-5.802398242019038,1.0371958689525383e-13,5.951572749300664,23.348491803278886
-10.760233054839253,-5.818695661020987,-6.707199952560027e-13,5.951572749300664,23.39845901639364
-10.712901913295749,-5.834993080022938,9.00631746207113e-13,5.951572749300664,23.448426229508396
-10.665570771752243,-5.851290499024888,-6.707199952559352e-13,5.951572749300664,23.49839344262315
-10.618239630208738,-5.867587918026839,4.3907958452323744e-13,5.951572749300664,23.548360655737905
-10.570908488665234,-5.883885337028788,-3.353599976280042e-13,5.951572749300664,23.59832786885266
-10.52357734712173,-5.9001827560307385,2.29911750951144e-13,5.951572749300664,23.648295081967415
-10.476246205578224,-5.916480175032689,-2.3164041073273155e-13,5.951572749300664,23.69826229508217
-10.42891506403472,-5.932777594034639,0.0,5.951572749300664,23.748229508196925
-10.381583922491217,-5.949075013036589,2.29911750951144e-13,5.951572749300664,23.79819672131168
-10.334252780947711,-5.9653724320385395,-2.3164041073273155e-13,5.951572749300664,23.848163934426434
-10.286921639404207,-5.98166985104049,0.0,5.951572749300664,23.89813114754119
-10.239590497860704,-5.99796727004244,2.29911750951144e-13,5.951572749300664,23.948098360655944
-10.192259356317198,-6.01426468904439,-2.3164041073273155e-13,5.951572749300664,23.9980655737707
-10.144928214773694,-6.0305621080463405,0.0,5.951572749300664,24.048032786885454
-10.09759707323019,-6.046859527048291,2.29911750951144e-13,5.951572749300664,24.09800000000021
-10.050265931686685,-6.063156946050241,-2.3164041073273155e-13,5.951572749300664,24.147967213114963
-10.00293479014318,-6.079454365052191,0.0,5.951572749300664,24.19793442622972
-9.955603648599677,-6.0957517840541415,2.29911750951144e-13,5.951572749300664,24.247901639344473
-9.908272507056171,-6.112049203056092,0.0,5.951572749300664,24.297868852459228
-9.860941365512666,-6.128346622058042,-2.3164041073273155e-13,5.951572749300664,24.347836065573983
-9.813610223969162,-6.144644041059992,0.0,5.951572749300664,24.397803278688738
-9.766279082425658,-6.1609414600619425,2.29911750951144e-13,5.951572749300664,24.447770491803492
-9.718947940882153,-6.177238879063893,-2.3164041073273155e-13,5.951572749300664,24.497737704918247
-9.671616799338649,-6.193536298065843,0.0,5.951572749300664,24.547704918033002
-9.624285657795145,-6.209833717067793,2.29911750951144e-13,5.951572749300664,24.597672131147757
-9.57695451625164,-6.2261311360697436,-2.3164041073273155e-13,5.951572749300664,24.64763934426251
-9.529623374708136,-6.242428555071694,0.0,5.951572749300664,24.697606557377267
-9.482292233164632,-6.258725974073644,2.29911750951144e-13,5.951572749300664,24.74757377049202
-9.434961091621126,-6.275023393075594,-2.3164041073273155e-13,5.951572749300664,24.797540983606776
-9.387629950077622,-6.291320812077545,0.0,5.951572749300664,24.84750819672153
-9.340298808534119,-6.307618231079495,5.652717485791333e-13,5.951572749300664,24.897475409836286
-9.292967666990613,-6.323915650081444,-9.00631746207113e-13,5.951572749300664,24.94744262295104
-9.24563652544711,-6.340213069083395,6.707199952560027e-13,5.951572749300664,24.997409836065795
-9.198305383903605,-6.356510488085345,-4.3907958452323744e-13,5.951572749300664,25.04737704918055
-9.1509742423601,-6.372807907087296,6.707199952559352e-13,5.951572749300664,25.097344262295305
-9.103643100816594,-6.389105326089245,-9.00631746207113e-13,5.951572749300664,25.14731147541006
-9.05631195927309,-6.405402745091196,6.707199952560027e-13,5.951572749300664,25.197278688524815
-9.008980817729586,-6.421700164093146,-4.3907958452323744e-13,5.951572749300664,25.24724590163957
-8.96164967618608,-6.437997583095097,4.3907958452323744e-13,5.951572749300664,25.297213114754324
-8.914318534642577,-6.454295002097046,-3.353599976280042e-13,5.951572749300664,25.34718032786908
-8.866987393099073,-6.4705924210989965,2.29911750951144e-13,5.951572749300664,25.397147540983834
-8.819656251555568,-6.486889840100947,-2.3164041073273155e-13,5.951572749300664,25.44711475409859
-8.772325110012064,-6.503187259102897,0.0,5.951572749300664,25.497081967213344
-8.72499396846856,-6.519484678104847,2.29911750951144e-13,5.951572749300664,25.5470491803281
-8.677662826925054,-6.5357820971067975,-2.3164041073273155e-13,5.951572749300664,25.597016393442853
-8.63033168538155,-6.552079516108748,0.0,5.951572749300664,25.64698360655761
-8.583000543838047,-6.568376935110698,2.29911750951144e-13,5.951572749300664,25.696950819672363
-8.535669402294541,-6.584674354112648,-2.3164041073273155e-13,5.951572749300664,25.746918032787118
-8.488338260751037,-6.6009717731145985,0.0,5.951572749300664,25.796885245901873
-8.441007119207534,-6.617269192116549,2.29911750951144e-13,5.951572749300664,25.846852459016628
-8.393675977664028,-6.633566611118499,0.0,5.951572749300664,25.896819672131382
-8.346344836120522,-6.649864030120449,-2.3164041073273155e-13,5.951572749300664,25.946786885246137
-8.299013694577019,-6.6661614491223995,0.0,5.951572749300664,25.996754098360892
-8.251682553033515,-6.68245886812435,2.29911750951144e-13,5.951572749300664,26.046721311475647
-8.20435141149001,-6.6987562871263,-2.3164041073273155e-13,5.951572749300664,26.0966885245904
-8.157020269946505,-6.71505370612825,0.0,5.951572749300664,26.146655737705156
-8.109689128403001,-6.7313511251302005,2.29911750951144e-13,5.951572749300664,26.19662295081991
-8.062357986859496,-6.747648544132151,-2.3164041073273155e-13,5.951572749300664,26.246590163934666
-8.015026845315992,-6.763945963134101,1.1582020536636868e-13,5.951572749300664,26.29655737704942
-7.967695703772487,-6.780243382136051,0.0,5.951572749300664,26.346524590164176
-7.920364562228983,-6.7965408011380015,-1.140915455847811e-13,5.951572749300664,26.39649180327893
-7.873033420685479,-6.812838220139952,4.5118020299436546e-13,5.951572749300664,26.446459016393685
-7.825702279141974,-6.829135639141901,-6.689913354743814e-13,5.951572749300664,26.49642622950844
-7.778371137598469,-6.845433058143852,5.548997898896171e-13,5.951572749300664,26.546393442623195
-7.731039996054966,-6.861730477145802,-5.548997898896171e-13,5.951572749300664,26.59636065573795
-7.683708854511461,-6.878027896147753,6.70719995255969e-13,5.951572749300664,26.646327868852705
-7.636377712967956,-6.894325315149702,-6.689913354743814e-13,5.951572749300664,26.69629508196746
-7.5890465714244515,-6.910622734151653,6.70719995255969e-13,5.951572749300664,26.746262295082214
-7.541715429880947,-6.926920153153603,-7.848115408407669e-13,5.951572749300664,26.79622950819697
-7.494384288337443,-6.943217572155554,7.848115408407669e-13,5.951572749300664,26.846196721311724
-7.447053146793938,-6.959514991157503,-3.353599976279874e-13,5.951572749300664,26.89616393442648
-7.3997220052504336,-6.975812410159453,-1.140915455847811e-13,5.951572749300664,26.946131147541234
-7.35239086370693,-6.992109829161404,1.1582020536636868e-13,5.951572749300664,26.99609836065599
-7.305059722163425,-7.008407248163354,0.0,5.951572749300664,27.046065573770743
-7.25772858061992,-7.024704667165304,0.0,5.951572749300664,27.096032786885498
-7.210397439076416,-7.041002086167254,0.0,5.951572749300664,27.146000000000253
-7.163066297532911,-7.057299505169205,-1.140915455847811e-13,5.951572749300664,27.195967213115008
-7.115735155989407,-7.073596924171155,1.1582020536636868e-13,5.951572749300664,27.245934426229763
-7.068404014445902,-7.089894343173105,0.0,5.951572749300664,27.295901639344518
-7.021072872902398,-7.106191762175055,-1.140915455847811e-13,5.951572749300664,27.345868852459272
-6.973741731358894,-7.122489181177006,1.1582020536636868e-13,5.951572749300664,27.395836065574027
-6.926410589815389,-7.138786600178956,0.0,5.951572749300664,27.445803278688782
-6.8790794482718844,-7.155084019180906,0.0,5.951572749300664,27.495770491803537
-6.83174830672838,-7.1713814381828564,0.0,5.951572749300664,27.54573770491829
-6.784417165184875,-7.187678857184807,-1.140915455847811e-13,5.951572749300664,27.595704918033046
-6.737086023641371,-7.203976276186757,1.1582020536636868e-13,5.951572749300664,27.6456721311478
-6.6897548820978665,-7.220273695188707,0.0,5.951572749300664,27.695639344262556
-6.642423740554362,-7.2365711141906575,-1.140915455847811e-13,5.951572749300664,27.74560655737731
-6.595092599010858,-7.252868533192608,1.1582020536636868e-13,5.951572749300664,27.795573770492066
-6.547761457467353,-7.269165952194558,0.0,5.951572749300664,27.84554098360682
-6.500430315923849,-7.285463371196508,3.3363133784639983e-13,5.951572749300664,27.895508196721575
-6.453099174380344,-7.301760790198458,-6.689913354743814e-13,5.951572749300664,27.94547540983633
-6.405768032836839,-7.318058209200409,5.548997898896171e-13,5.951572749300664,27.995442622951085
-6.358436891293335,-7.334355628202358,-5.548997898896171e-13,5.951572749300664,28.04540983606584
-6.311105749749831,-7.350653047204309,6.70719995255969e-13,5.951572749300664,28.095377049180595
-6.263774608206326,-7.366950466206259,-7.848115408407669e-13,5.951572749300664,28.14534426229535
-6.216443466662822,-7.38324788520821,7.848115408407669e-13,5.951572749300664,28.195311475410104
-6.169112325119317,-7.399545304210159,-6.689913354743814e-13,5.951572749300664,28.24527868852486
-6.121781183575813,-7.41584272321211,6.70719995255969e-13,5.951572749300664,28.295245901639614
-6.074450042032308,-7.43214014221406,-6.689913354743814e-13,5.951572749300664,28.34521311475437
-6.027118900488803,-7.448437561216011,5.548997898896171e-13,5.951572749300664,28.395180327869124
-5.9797877589452995,-7.46473498021796,-5.548997898896171e-13,5.951572749300664,28.44514754098388
-5.932456617401795,-7.481032399219911,6.70719995255969e-13,5.951572749300664,28.495114754098633
-5.88512547585829,-7.497329818221861,-7.848115408407669e-13,5.951572749300664,28.545081967213388
-5.837794334314786,-7.513627237223812,7.848115408407669e-13,5.951572749300664,28.595049180328143
-5.7904631927712815,-7.529924656225761,-3.353599976279874e-13,5.951572749300664,28.645016393442898
-5.743132051227777,-7.546222075227711,0.0,5.951572749300664,28.694983606557653
-5.695800909684272,-7.562519494229662,0.0,5.951572749300664,28.744950819672408
-5.648469768140767,-7.578816913231612,-1.140915455847811e-13,5.951572749300664,28.794918032787162
-5.601138626597264,-7.595114332233562,1.1582020536636868e-13,5.951572749300664,28.844885245901917
-5.553807485053759,-7.611411751235512,0.0,5.951572749300664,28.894852459016672
-5.506476343510254,-7.627709170237463,-1.140915455847811e-13,5.951572749300664,28.944819672131427
-5.45914520196675,-7.644006589239413,1.1582020536636868e-13,5.951572749300664,28.99478688524618
-5.411814060423246,-7.660304008241363,0.0,5.951572749300664,29.044754098360936
-5.364482918879741,-7.676601427243313,0.0,5.951572749300664,29.09472131147569
-5.317151777336236,-7.692898846245264,0.0,5.951572749300664,29.144688524590446
-5.2698206357927315,-7.709196265247214,-1.140915455847811e-13,5.951572749300664,29.1946557377052
-5.222489494249228,-7.725493684249164,1.1582020536636868e-13,5.951572749300664,29.244622950819956
-5.175158352705723,-7.741791103251114,0.0,5.951572749300664,29.29459016393471
-5.127827211162218,-7.758088522253065,-1.140915455847811e-13,5.951572749300664,29.344557377049465
-5.0804960696187145,-7.774385941255015,1.1582020536636868e-13,5.951572749300664,29.39452459016422
-5.03316492807521,-7.790683360256965,0.0,5.951572749300664,29.444491803278975
-4.985833786531705,-7.806980779258915,0.0,5.951572749300664,29.49445901639373
-4.9385026449882,-7.823278198260866,3.3363133784639983e-13,5.951572749300664,29.544426229508485
-4.891171503444696,-7.839575617262815,-7.848115408407669e-13,5.951572749300664,29.59439344262324
-4.843840361901192,-7.855873036264766,6.707199952560027e-13,5.951572749300664,29.644360655737994
-4.796509220357688,-7.8721704552667155,-4.3907958452323744e-13,5.951572749300664,29.69432786885275
-4.749178078814182,-7.888467874268667,4.3907958452323744e-13,5.951572749300664,29.744295081967504
-4.701846937270679,-7.904765293270616,-4.3907958452323744e-13,5.951572749300664,29.79426229508226
-4.654515795727173,-7.921062712272567,4.3907958452323744e-13,5.951572749300664,29.844229508197014
-4.607184654183669,-7.937360131274517,-6.707199952560027e-13,5.951572749300664,29.89419672131177
-4.559853512640165,-7.953657550276468,9.00631746207113e-13,5.951572749300664,29.944163934426523
-4.51252237109666,-7.969954969278417,-9.00631746207113e-13,5.951572749300664,29.994131147541278
-4.465191229553156,-7.986252388280368,9.00631746207113e-13,5.951572749300664,30.044098360656033
-4.41786008800965,-8.002549807282318,-9.00631746207113e-13,5.951572749300664,30.094065573770788
-4.3705289464661465,-8.018847226284269,6.707199952560027e-13,5.951572749300664,30.144032786885543
-4.323197804922643,-8.035144645286218,-4.3907958452323744e-13,5.951572749300664,30.194000000000297
-4.275866663379137,-8.05144206428817,4.3907958452323744e-13,5.951572749300664,30.243967213115052
-4.228535521835633,-8.067739483290119,-6.707199952560027e-13,5.951572749300664,30.293934426229807
-4.1812043802921295,-8.08403690229207,9.00631746207113e-13,5.951572749300664,30.343901639344562
-4.133873238748624,-8.100334321294019,-2.299117509511479e-13,5.951572749300664,30.393868852459317
-4.08654209720512,-8.116631740295968,-6.707199952560027e-13,5.951572749300664,30.44383606557407
-4.039210955661616,-8.13292915929792,2.2991175095114005e-13,5.951572749300664,30.493803278688826
-3.9918798141181107,-8.14922657829987,4.3907958452323744e-13,5.951572749300664,30.54377049180358
-3.944548672574607,-8.16552399730182,2.3164041073273553e-13,5.951572749300664,30.593737704918336
-3.8972175310311012,-8.18182141630377,-9.00631746207113e-13,5.951572749300664,30.64370491803309
-3.8498863894875974,-8.19811883530572,0.0,5.951572749300664,30.693672131147846
-3.8025552479440936,-8.214416254307672,9.00631746207113e-13,5.951572749300664,30.7436393442626
-3.755224106400588,-8.230713673309621,-2.299117509511479e-13,5.951572749300664,30.793606557377355
-3.707892964857084,-8.24701109231157,-4.3907958452323744e-13,5.951572749300664,30.84357377049211
-3.6605618233135786,-8.263308511313522,-2.3164041073272756e-13,5.951572749300664,30.893540983606865
-3.613230681770075,-8.279605930315473,6.707199952560027e-13,5.951572749300664,30.94350819672162
-3.565899540226571,-8.295903349317422,2.3164041073273553e-13,5.951572749300664,30.993475409836375
-3.5185683986830654,-8.312200768319371,-9.00631746207113e-13,5.951572749300664,31.04344262295113
-3.4712372571395615,-8.328498187321323,6.707199952560027e-13,5.951572749300664,31.093409836065884
-3.4239061155960577,-8.344795606323272,-4.3907958452323744e-13,5.951572749300664,31.14337704918064
-3.376574974052552,-8.361093025325223,4.3907958452323744e-13,5.951572749300664,31.193344262295394
-3.3292438325090483,-8.377390444327173,-6.707199952560027e-13,5.951572749300664,31.24331147541015
-3.2819126909655445,-8.393687863329124,9.00631746207113e-13,5.951572749300664,31.293278688524904
-3.234581549422039,-8.409985282331073,-9.00631746207113e-13,5.951572749300664,31.34324590163966
-3.187250407878535,-8.426282701333024,9.00631746207113e-13,5.951572749300664,31.393213114754413
-3.1399192663350295,-8.442580120334974,-9.00631746207113e-13,5.951572749300664,31.443180327869168
-3.0925881247915257,-8.458877539336925,6.707199952560027e-13,5.951572749300664,31.493147540983923
-3.045256983248022,-8.475174958338874,-4.3907958452323744e-13,5.951572749300664,31.543114754098678
-2.9979258417045163,-8.491472377340825,4.3907958452323744e-13,5.951572749300664,31.593081967213433
-2.9505947001610124,-8.507769796342775,-4.3907958452323744e-13,5.951572749300664,31.643049180328187
-2.903263558617507,-8.524067215344726,4.3907958452323744e-13,5.951572749300664,31.693016393442942
-2.855932417074003,-8.540364634346675,-6.707199952560027e-13,5.951572749300664,31.742983606557697
-2.808601275530499,-8.556662053348626,9.00631746207113e-13,5.951572749300664,31.792950819672452
-2.7612701339869936,-8.572959472350576,-9.00631746207113e-13,5.951572749300664,31.842918032787207
-2.71393899244349,-8.589256891352527,6.707199952560027e-13,5.951572749300664,31.89288524590196
-2.666607850899986,-8.605554310354476,2.3164041073273553e-13,5.951572749300664,31.942852459016716
-2.6192767093564804,-8.621851729356425,-9.00631746207113e-13,5.951572749300664,31.99281967213147
-2.5719455678129766,-8.638149148358377,0.0,5.951572749300664,32.04278688524622
-2.5246144262694727,-8.654446567360328,9.00631746207113e-13,5.951572749300664,32.09275409836098
-2.477283284725967,-8.670743986362277,-2.299117509511479e-13,5.951572749300664,32.14272131147573
-2.4299521431824633,-8.687041405364226,-4.3907958452323744e-13,5.951572749300664,32.19268852459049
-2.3826210016389577,-8.703338824366178,-2.3164041073272756e-13,5.951572749300664,32.24265573770524
-2.335289860095454,-8.719636243368129,6.707199952560027e-13,5.951572749300664,32.29262295082
-2.28795871855195,-8.735933662370078,2.3164041073273553e-13,5.951572749300664,32.34259016393475
-2.2406275770084445,-8.752231081372027,-9.00631746207113e-13,5.951572749300664,32.392557377049506
-2.1932964354649407,-8.768528500373979,2.2991175095114005e-13,5.951572749300664,32.44252459016426
-2.145965293921435,-8.78482591937593,4.3907958452323744e-13,5.951572749300664,32.492491803279016
-2.0986341523779313,-8.801123338377879,0.0,5.951572749300664,32.54245901639377
-2.0513030108344275,-8.817420757379828,-4.3907958452323744e-13,5.951572749300664,32.592426229508526
-2.003971869290922,-8.83371817638178,-2.3164041073272756e-13,5.951572749300664,32.64239344262328
-1.956640727747418,-8.85001559538373,6.707199952560027e-13,5.951572749300664,32.692360655738035
-1.9093095862039142,-8.86631301438568,2.3164041073273553e-13,5.951572749300664,32.74232786885279
-1.8619784446604086,-8.88261043338763,-9.00631746207113e-13,5.951572749300664,32.792295081967545
-1.8146473031169048,-8.89890785238958,6.707199952560027e-13,5.951572749300664,32.8422622950823
-1.767316161573401,-8.91520527139153,-4.3907958452323744e-13,5.951572749300664,32.892229508197055
-1.7199850200298954,-8.931502690393481,4.3907958452323744e-13,5.951572749300664,32.94219672131181
-1.6726538784863916,-8.94780010939543,-4.3907958452323744e-13,5.951572749300664,32.992163934426564
-1.625322736942886,-8.964097528397382,4.3907958452323744e-13,5.951572749300664,33.04213114754132
-1.5779915953993822,-8.980394947399331,-6.707199952560027e-13,5.951572749300664,33.092098360656074
-1.5306604538558783,-8.996692366401282,9.00631746207113e-13,5.951572749300664,33.14206557377083
-1.4833293123123727,-9.012989785403231,-9.00631746207113e-13,5.951572749300664,33.192032786885584
-1.435998170768869,-9.029287204405183,9.00631746207113e-13,5.951572749300664,33.24200000000034
-1.3886670292253633,-9.045584623407132,-9.00631746207113e-13,5.951572749300664,33.29196721311509
-1.3413358876818595,-9.061882042409083,6.707199952560027e-13,5.951572749300664,33.34193442622985
-1.2940047461383557,-9.078179461411032,-4.3907958452323744e-13,5.951572749300664,33.3919016393446
-1.24667360459485,-9.094476880412984,4.3907958452323744e-13,5.951572749300664,33.44186885245936
-1.1993424630513463,-9.110774299414933,0.0,5.951572749300664,33.49183606557411
-1.1520113215078425,-9.127071718416882,-4.3907958452323744e-13,5.951572749300664,33.54180327868887
-1.1046801799643369,-9.143369137418834,-2.3164041073272756e-13,5.951572749300664,33.59177049180362
-1.057349038420833,-9.159666556420785,6.707199952560027e-13,5.951572749300664,33.64173770491838
-1.0100178968773292,-9.175963975422734,2.3164041073273553e-13,5.951572749300664,33.69170491803313
-0.9626867553338236,-9.192261394424683,-9.00631746207113e-13,5.951572749300664,33.74167213114789
-0.9153556137903198,-9.208558813426635,2.2991175095114005e-13,5.951572749300664,33.79163934426264
-0.8680244722468142,-9.224856232428586,4.3907958452323744e-13,5.951572749300664,33.841606557377396
-0.8206933307033104,-9.241153651430535,0.0,5.951572749300664,33.89157377049215
-0.7733621891598066,-9.257451070432484,-4.3907958452323744e-13,5.951572749300664,33.941540983606906
-0.726031047616301,-9.273748489434436,-2.3164041073272756e-13,5.951572749300664,33.99150819672166
-0.6786999060727972,-9.290045908436387,9.00631746207113e-13,5.951572749300664,34.041475409836416
-0.6313687645292916,-9.306343327438336,-2.299117509511479e-13,5.951572749300664,34.09144262295117
-0.5840376229857878,-9.322640746440285,-6.707199952560027e-13,5.951572749300664,34.141409836065925
-0.536706481442284,-9.338938165442237,2.2991175095114005e-13,5.951572749300664,34.19137704918068
-0.48937533989877835,-9.355235584444188,4.3907958452323744e-13,5.951572749300664,34.241344262295435
-0.44204419835527453,-9.371533003446137,0.0,5.951572749300664,34.29131147541019
-0.3947130568117707,-9.387830422448086,-4.3907958452323744e-13,5.951572749300664,34.341278688524945
-0.3473819152682651,-9.404127841450038,-2.3164041073272756e-13,5.951572749300664,34.3912459016397
-0.3000507737247613,-9.420425260451989,6.707199952560027e-13,5.951572749300664,34.441213114754454
-0.2527196321812575,-9.436722679453938,2.3164041073273553e-13,5.951572749300664,34.49118032786921
-0.20538849063775189,-9.453020098455887,-9.00631746207113e-13,5.951572749300664,34.541147540983964
-0.15805734909424807,-9.469317517457839,2.2991175095114005e-13,5.951572749300664,34.59111475409872
-0.11072620755074247,-9.48561493645979,4.3907958452323744e-13,5.951572749300664,34.64108196721347
-0.06339506600723865,-9.501912355461739,0.0,5.951572749300664,34.69104918032823
-0.016063924463734836,-9.518209774463688,-4.3907958452323744e-13,5.951572749300664,34.74101639344298
0.03126721707977076,-9.53450719346564,4.3907958452323744e-13,5.951572749300664,34.79098360655774
0.07859835862327458,-9.550804612467589,2.3164041073273553e-13,5.951572749300664,34.84095081967249
0.12592950016678017,-9.567102031469538,-9.00631746207113e-13,5.951572749300664,34.89091803278725
0.173260641710284,-9.58339945047149,0.0,5.951572749300664,34.940885245902
0.2205917832537878,-9.59969686947344,9.00631746207113e-13,5.951572749300664,34.99085245901676
0.2679229247972934,-9.61599428847539,-2.299117509511479e-13,5.951572749300664,35.04081967213151
0.3152540663407972,-9.63229170747734,-6.707199952560027e-13,5.951572749300664,35.09078688524627
0.36258520788430104,-9.64858912647929,2.2991175095114005e-13,5.951572749300664,35.14075409836102
0.40991634942780664,-9.664886545481242,4.3907958452323744e-13,5.951572749300664,35.19072131147578
0.45724749097131046,-9.681183964483191,0.0,5.951572749300664,35.24068852459053
0.5045786325148143,-9.69748138348514,-4.3907958452323744e-13,5.951572749300664,35.290655737705286
0.5519097740583199,-9.713778802487091,-2.3164041073272756e-13,5.951572749300664,35.34062295082004
0.5992409156018237,-9.730076221489043,9.00631746207113e-13,5.951572749300664,35.390590163934796
0.6465720571453293,-9.746373640490992,-2.299117509511479e-13,5.951572749300664,35.44055737704955
0.6939031986888331,-9.762671059492941,-6.707199952560027e-13,5.951572749300664,35.490524590164306
0.7412343402323369,-9.778968478494892,2.2991175095114005e-13,5.951572749300664,35.54049180327906
0.7885654817758425,-9.795265897496844,4.3907958452323744e-13,5.951572749300664,35.590459016393815
0.8358966233193463,-9.811563316498793,2.3164041073273553e-13,5.951572749300664,35.64042622950857
0.8832277648628519,-9.827860735500742,-9.00631746207113e-13,5.951572749300664,35.690393442623325
0.9305589064063557,-9.844158154502693,0.0,5.951572749300664,35.74036065573808
0.9778900479498596,-9.860455573504645,9.00631746207113e-13,5.951572749300664,35.790327868852835
1.0252211894933652,-9.876752992506594,-2.299117509511479e-13,5.951572749300664,35.84029508196759
1.072552331036869,-9.893050411508543,-6.707199952560027e-13,5.951572749300664,35.890262295082344
1.1198834725803728,-9.909347830510495,2.2991175095114005e-13,5.951572749300664,35.9402295081971
1.1672146141238784,-9.925645249512446,4.3907958452323744e-13,5.951572749300664,35.990196721311854
1.2145457556673822,-9.941942668514395,0.0,5.951572749300664,36.04016393442661
1.261876897210886,-9.958240087516344,-4.3907958452323744e-13,5.951572749300664,36.09013114754136
1.3092080387543916,-9.974537506518296,-2.3164041073272756e-13,5.951572749300664,36.14009836065612
1.3565391802978954,-9.990834925520247,9.00631746207113e-13,5.951572749300664,36.19006557377087
1.403870321841401,-10.007132344522196,-2.299117509511479e-13,5.951572749300664,36.24003278688563
1.4512014633849049,-10.023429763524145,-6.707199952560027e-13,5.951572749300664,36.29000000000038
1.4985326049284087,-10.039727182526097,9.00631746207113e-13,5.951572749300664,36.33996721311514
1.5458637464719143,-10.056024601528046,-2.299117509511479e-13,5.951572749300664,36.38993442622989
1.593194888015418,-10.072322020529995,-4.3907958452323744e-13,5.951572749300664,36.43990163934465
1.6405260295589237,-10.088619439531946,-2.3164041073272756e-13,5.951572749300664,36.4898688524594
1.6878571711024275,-10.104916858533898,6.707199952560027e-13,5.951572749300664,36.53983606557416
1.7351883126459313,-10.121214277535847,2.3164041073273553e-13,5.951572749300664,36.58980327868891
1.782519454189437,-10.137511696537796,-9.00631746207113e-13,5.951572749300664,36.63977049180367
1.8298505957329407,-10.153809115539747,0.0,5.951572749300664,36.68973770491842
1.8771817372764446,-10.170106534541699,9.00631746207113e-13,5.951572749300664,36.739704918033176
1.9245128788199501,-10.186403953543648,-2.299117509511479e-13,5.951572749300664,36.78967213114793
1.971844020363454,-10.202701372545597,-6.707199952560027e-13,5.951572749300664,36.839639344262686
2.019175161906958,-10.218998791547548,2.2991175095114005e-13,5.951572749300664,36.88960655737744
2.0665063034504634,-10.2352962105495,4.3907958452323744e-13,5.951572749300664,36.939573770492196
2.113837444993967,-10.251593629551449,2.3164041073273553e-13,5.951572749300664,36.98954098360695
2.161168586537473,-10.267891048553398,-9.00631746207113e-13,5.951572749300664,37.039508196721705
2.2084997280809766,-10.28418846755535,0.0,5.951572749300664,37.08947540983646
2.2558308696244804,-10.3004858865573,9.00631746207113e-13,5.951572749300664,37.139442622951215
2.303162011167986,-10.31678330555925,-2.299117509511479e-13,5.951572749300664,37.18940983606597
2.35049315271149,-10.3330807245612,-4.3907958452323744e-13,5.951572749300664,37.239377049180725
2.3978242942549954,-10.34937814356315,-2.3164041073272756e-13,5.951572749300664,37.28934426229548
2.4451554357984993,-10.365675562565102,6.707199952560027e-13,5.951572749300664,37.339311475410234
2.492486577342003,-10.381972981567051,2.3164041073273553e-13,5.951572749300664,37.38927868852499
2.5398177188855087,-10.398270400569,-9.00631746207113e-13,5.951572749300664,37.439245901639744
2.5871488604290125,-10.414567819570951,0.0,5.951572749300664,37.4892131147545
2.6344800019725163,-10.430865238572903,9.00631746207113e-13,5.951572749300664,37.53918032786925
2.681811143516022,-10.447162657574852,-2.299117509511479e-13,5.951572749300664,37.58914754098401
2.7291422850595257,-10.463460076576801,-6.707199952560027e-13,5.951572749300664,37.63911475409876
2.7764734266030295,-10.479757495578752,2.2991175095114005e-13,5.951572749300664,37.68908196721352
2.823804568146535,-10.496054914580704,4.3907958452323744e-13,5.951572749300664,37.73904918032827
2.871135709690039,-10.512352333582653,2.3164041073273553e-13,5.951572749300664,37.78901639344303
2.9184668512335445,-10.528649752584602,-9.00631746207113e-13,5.951572749300664,37.83898360655778
2.9657979927770484,-10.544947171586553,6.707199952560027e-13,5.951572749300664,37.88895081967254
3.013129134320552,-10.561244590588503,2.3164041073273553e-13,5.951572749300664,37.93891803278729
3.0604602758640578,-10.577542009590452,-9.00631746207113e-13,5.951572749300664,37.98888524590205
3.1077914174075616,-10.593839428592403,2.2991175095114005e-13,5.951572749300664,38.0388524590168
3.155122558951067,-10.610136847594354,2.091678335721039e-13,5.951572749300664,38.08881967213156
3.2024537004945692,-10.626434266596304,4.615521616839067e-13,5.951572749300664,38.13878688524631
3.249784842038075,-10.642731685598253,-6.707199952559352e-13,5.951572749300664,38.188754098361066
3.2971159835815804,-10.659029104600204,-4.615521616838908e-13,5.951572749300664,38.23872131147582
3.3444471251250825,-10.675326523602156,1.1322721569399014e-12,5.951572749300664,38.288688524590576
3.391778266668588,-10.691623942604105,0.0,5.951572749300664,38.33865573770533
3.4391094082120937,-10.707921361606054,-6.707199952559352e-13,5.951572749300664,38.388622950820086
3.4864405497555992,-10.724218780608005,-4.615521616838908e-13,5.951572749300664,38.43859016393484
3.5337716912991013,-10.740516199609957,1.1322721569399014e-12,5.951572749300664,38.488557377049595
3.581102832842607,-10.756813618611906,0.0,5.951572749300664,38.53852459016435
3.6284339743861125,-10.773111037613855,-1.1322721569399014e-12,5.951572749300664,38.588491803279105
3.6757651159296145,-10.789408456615806,4.615521616838908e-13,5.951572749300664,38.63845901639386
3.72309625747312,-10.805705875617758,6.707199952559352e-13,5.951572749300664,38.688426229508615
3.7704273990166257,-10.822003294619707,-4.615521616839067e-13,5.951572749300664,38.73839344262337
3.8177585405601278,-10.838300713621656,-2.091678335721039e-13,5.951572749300664,38.788360655738124
3.8650896821036334,-10.854598132623607,0.0,5.951572749300664,38.83832786885288
3.912420823647139,-10.870895551625559,2.091678335721039e-13,5.951572749300664,38.888295081967634
3.959751965190641,-10.887192970627508,4.615521616839067e-13,5.951572749300664,38.93826229508239
4.007083106734147,-10.903490389629457,-6.707199952559352e-13,5.951572749300664,38.98822950819714
4.054414248277652,-10.919787808631408,0.0,5.951572749300664,39.0381967213119
4.101745389821158,-10.93608522763336,2.091678335721039e-13,5.951572749300664,39.08816393442665
4.14907653136466,-10.952382646635309,4.615521616839067e-13,5.951572749300664,39.13813114754141
4.196407672908165,-10.968680065637258,-6.707199952559352e-13,5.951572749300664,39.18809836065616
4.243738814451671,-10.98497748463921,-4.615521616838908e-13,5.951572749300664,39.23806557377092
4.291069955995173,-11.00127490364116,1.1322721569399014e-12,5.951572749300664,39.28803278688567
4.338401097538679,-11.01757232264311,0.0,5.951572749300664,39.33800000000043
4.385732239082184,-11.03386974164506,-1.1322721569399014e-12,5.951572749300664,39.38796721311518
4.433063380625686,-11.05016716064701,1.1322721569399014e-12,5.951572749300664,39.43793442622994
4.480394522169192,-11.06646457964896,0.0,5.951572749300664,39.48790163934469
4.5277256637126975,-11.08276199865091,-1.1322721569399014e-12,5.951572749300664,39.53786885245945
4.5750568052561995,-11.09905941765286,4.615521616838908e-13,5.951572749300664,39.5878360655742
4.622387946799705,-11.115356836654811,6.707199952559352e-13,5.951572749300664,39.637803278688956
4.669719088343211,-11.13165425565676,-4.615521616839067e-13,5.951572749300664,39.68777049180371
4.717050229886713,-11.14795167465871,-2.091678335721039e-13,5.951572749300664,39.737737704918466
4.764381371430218,-11.164249093660661,0.0,5.951572749300664,39.78770491803322
4.811712512973724,-11.180546512662612,2.091678335721039e-13,5.951572749300664,39.837672131147976
4.859043654517226,-11.196843931664562,4.615521616839067e-13,5.951572749300664,39.88763934426273
4.906374796060732,-11.213141350666511,-6.707199952559352e-13,5.951572749300664,39.937606557377485
4.953705937604237,-11.229438769668462,0.0,5.951572749300664,39.98757377049224
5.001037079147743,-11.245736188670413,2.091678335721039e-13,5.951572749300664,40.037540983606995
5.048368220691245,-11.262033607672363,4.615521616839067e-13,5.951572749300664,40.08750819672175
5.09569936223475,-11.278331026674312,-6.707199952559352e-13,5.951572749300664,40.137475409836505
5.143030503778256,-11.294628445676263,-4.615521616838908e-13,5.951572749300664,40.18744262295126
5.190361645321758,-11.310925864678214,1.1322721569399014e-12,5.951572749300664,40.237409836066014
5.237692786865264,-11.327223283680164,0.0,5.951572749300664,40.28737704918077
5.285023928408769,-11.343520702682113,-1.1322721569399014e-12,5.951572749300664,40.337344262295524
5.332355069952271,-11.359818121684064,4.615521616838908e-13,5.951572749300664,40.38731147541028
5.379686211495777,-11.376115540686015,6.707199952559352e-13,5.951572749300664,40.43727868852503
5.4270173530392825,-11.392412959687965,-4.615521616839067e-13,5.951572749300664,40.48724590163979
5.4743484945827845,-11.408710378689914,-2.091678335721039e-13,5.951572749300664,40.53721311475454
5.52167963612629,-11.425007797691865,0.0,5.951572749300664,40.5871803278693
5.569010777669796,-11.441305216693817,6.707199952559352e-13,5.951572749300664,40.63714754098405
5.616341919213301,-11.457602635695766,-4.615521616839067e-13,5.951572749300664,40.68711475409881
5.663673060756803,-11.473900054697715,-2.091678335721039e-13,5.951572749300664,40.73708196721356
5.711004202300309,-11.490197473699666,0.0,5.951572749300664,40.78704918032832
5.7583353438438145,-11.506494892701618,2.091678335721039e-13,5.951572749300664,40.83701639344307
5.8056664853873166,-11.522792311703567,4.615521616839067e-13,5.951572749300664,40.88698360655783
5.852997626930822,-11.539089730705516,-6.707199952559352e-13,5.951572749300664,40.93695081967258
5.900328768474328,-11.555387149707467,-4.615521616838908e-13,5.951572749300664,40.98691803278734
5.94765991001783,-11.571684568709419,1.1322721569399014e-12,5.951572749300664,41.03688524590209
5.994991051561335,-11.587981987711368,0.0,5.951572749300664,41.086852459016846
6.042322193104841,-11.604279406713317,-1.1322721569399014e-12,5.951572749300664,41.1368196721316
6.089653334648343,-11.620576825715268,1.1322721569399014e-12,5.951572749300664,41.186786885246356
6.136984476191849,-11.636874244717218,0.0,5.951572749300664,41.23675409836111
6.184315617735354,-11.653171663719167,-1.1322721569399014e-12,5.951572749300664,41.286721311475866
6.231646759278856,-11.669469082721118,4.615521616838908e-13,5.951572749300664,41.33668852459062
6.278977900822362,-11.68576650172307,6.707199952559352e-13,5.951572749300664,41.386655737705375
6.326309042365867,-11.702063920725019,-4.615521616839067e-13,5.951572749300664,41.43662295082013
6.3736401839093695,-11.718361339726968,-2.091678335721039e-13,5.951572749300664,41.486590163934885
6.420971325452875,-11.73465875872892,0.0,5.951572749300664,41.53655737704964
6.468302466996381,-11.75095617773087,6.707199952559352e-13,5.951572749300664,41.586524590164395
6.515633608539886,-11.76725359673282,-4.615521616839067e-13,5.951572749300664,41.63649180327915
6.562964750083388,-11.78355101573477,-2.091678335721039e-13,5.951572749300664,41.686459016393904
6.610295891626894,-11.79984843473672,0.0,5.951572749300664,41.73642622950866
6.6576270331703995,-11.816145853738671,2.091678335721039e-13,5.951572749300664,41.786393442623414
6.7049581747139015,-11.83244327274062,4.615521616839067e-13,5.951572749300664,41.83636065573817
6.752289316257407,-11.84874069174257,-6.707199952559352e-13,5.951572749300664,41.88632786885292
6.799620457800913,-11.865038110744521,-4.615521616838908e-13,5.951572749300664,41.93629508196768
6.846951599344415,-11.881335529746472,1.1322721569399014e-12,5.951572749300664,41.98626229508243
6.89428274088792,-11.897632948748422,0.0,5.951572749300664,42.03622950819719
6.941613882431426,-11.913930367750371,-1.1322721569399014e-12,5.951572749300664,42.08619672131194
6.988945023974928,-11.930227786752322,4.615521616838908e-13,5.951572749300664,42.1361639344267
7.036276165518434,-11.946525205754273,6.707199952559352e-13,5.951572749300664,42.18613114754145
7.083607307061939,-11.962822624756223,0.0,5.951572749300664,42.23609836065621
7.130938448605445,-11.979120043758172,-1.1322721569399014e-12,5.951572749300664,42.28606557377096
7.178269590148947,-11.995417462760123,4.615521616838908e-13,5.951572749300664,42.33603278688572
7.225600731692452,-12.011714881762074,6.707199952559352e-13,5.951572749300664,42.38600000000047
7.272931873235958,-12.028012300764024,-4.615521616839067e-13,5.951572749300664,42.43596721311523
7.32026301477946,-12.044309719765973,-2.091678335721039e-13,5.951572749300664,42.48593442622998
7.367594156322966,-12.060607138767924,0.0,5.951572749300664,42.535901639344736
7.414925297866471,-12.076904557769875,2.091678335721039e-13,5.951572749300664,42.58586885245949
7.462256439409973,-12.093201976771825,4.615521616839067e-13,5.951572749300664,42.635836065574246
7.509587580953479,-12.109499395773774,-6.707199952559352e-13,5.951572749300664,42.685803278689
7.5569187224969845,-12.125796814775725,2.091678335721039e-13,5.951572749300664,42.735770491803756
7.6042498640404865,-12.142094233777675,4.615521616839067e-13,5.951572749300664,42.78573770491851
7.651581005583992,-12.158391652779624,-6.707199952559352e-13,5.951572749300664,42.835704918033265
7.698912147127498,-12.174689071781575,-4.615521616838908e-13,5.951572749300664,42.88567213114802
7.746243288671,-12.190986490783526,1.1322721569399014e-12,5.951572749300664,42.935639344262775
7.793574430214505,-12.207283909785476,0.0,5.951572749300664,42.98560655737753
7.840905571758011,-12.223581328787425,-1.1322721569399014e-12,5.951572749300664,43.035573770492284
7.888236713301513,-12.239878747789376,4.615521616838908e-13,5.951572749300664,43.08554098360704
7.935567854845019,-12.256176166791327,6.707199952559352e-13,5.951572749300664,43.135508196721794
7.982898996388524,-12.272473585793277,0.0,5.951572749300664,43.18547540983655
8.03023013793203,-12.288771004795226,-1.1322721569399014e-12,5.951572749300664,43.235442622951304
8.077561279475532,-12.305068423797177,4.615521616838908e-13,5.951572749300664,43.28540983606606
8.124892421019037,-12.321365842799128,6.707199952559352e-13,5.951572749300664,43.33537704918081
8.172223562562543,-12.337663261801078,-4.615521616839067e-13,5.951572749300664,43.38534426229557
8.219554704106045,-12.353960680803027,-2.091678335721039e-13,5.951572749300664,43.43531147541032
8.26688584564955,-12.370258099804978,0.0,5.951572749300664,43.48527868852508
8.314216987193056,-12.38655551880693,2.091678335721039e-13,5.951572749300664,43.53524590163983
8.361548128736558,-12.402852937808879,4.615521616839067e-13,5.951572749300664,43.58521311475459
8.408879270280064,-12.419150356810828,-6.707199952559352e-13,5.951572749300664,43.63518032786934
8.45621041182357,-12.43544777581278,-4.615521616838908e-13,5.951572749300664,43.6851475409841
8.503541553367072,-12.45174519481473,1.1322721569399014e-12,5.951572749300664,43.73511475409885
8.550872694910577,-12.46804261381668,0.0,5.951572749300664,43.78508196721361
8.598203836454083,-12.48434003281863,-6.707199952559352e-13,5.951572749300664,43.83504918032836
8.645534977997588,-12.50063745182058,-4.615521616838908e-13,5.951572749300664,43.88501639344312
8.69286611954109,-12.516934870822531,1.1322721569399014e-12,5.951572749300664,43.93498360655787
8.740197261084596,-12.53323228982448,0.0,5.951572749300664,43.984950819672626
8.787528402628102,-12.54952970882643,-1.1322721569399014e-12,5.951572749300664,44.03491803278738
8.834859544171604,-12.565827127828381,4.615521616838908e-13,5.951572749300664,44.084885245902136
8.88219068571511,-12.582124546830332,6.707199952559352e-13,5.951572749300664,44.13485245901689
8.929521827258615,-12.598421965832282,-4.615521616839067e-13,5.951572749300664,44.184819672131646
8.976852968802117,-12.614719384834231,-2.091678335721039e-13,5.951572749300664,44.2347868852464
9.024184110345622,-12.631016803836182,6.707199952559352e-13,5.951572749300664,44.284754098361155
9.071515251889128,-12.647314222838132,-4.615521616839067e-13,5.951572749300664,44.33472131147591
9.11884639343263,-12.663611641840081,-2.091678335721039e-13,5.951572749300664,44.384688524590665
9.166177534976136,-12.679909060842032,0.0,5.951572749300664,44.43465573770542
9.213508676519641,-12.696206479843983,2.091678335721039e-13,5.951572749300664,44.484622950820174
9.260839818063143,-12.712503898845933,4.615521616839067e-13,5.951572749300664,44.53459016393493
9.308170959606649,-12.728801317847882,-6.707199952559352e-13,5.951572749300664,44.584557377049684
9.355502101150154,-12.745098736849833,-4.615521616838908e-13,5.951572749300664,44.63452459016444
9.402833242693657,-12.761396155851784,1.1322721569399014e-12,5.951572749300664,44.684491803279194
9.450164384237162,-12.777693574853734,0.0,5.951572749300664,44.73445901639395
9.497495525780668,-12.793990993855683,-6.707199952559352e-13,5.951572749300664,44.7844262295087
9.544826667324173,-12.810288412857634,-4.615521616838908e-13,5.951572749300664,44.83439344262346
9.592157808867675,-12.826585831859585,1.1322721569399014e-12,5.951572749300664,44.88436065573821
9.639488950411181,-12.842883250861535,0.0,5.951572749300664,44.93432786885297
9.686820091954687,-12.859180669863484,-1.1322721569399014e-12,5.951572749300664,44.98429508196772
9.734151233498189,-12.875478088865435,4.615521616838908e-13,5.951572749300664,45.03426229508248
9.781482375041694,-12.891775507867386,6.707199952559352e-13,5.951572749300664,45.08422950819723
9.8288135165852,-12.908072926869336,-4.615521616839067e-13,5.951572749300664,45.13419672131199
9.876144658128702,-12.924370345871285,-2.091678335721039e-13,5.951572749300664,45.18416393442674
9.923475799672207,-12.940667764873236,0.0,5.951572749300664,45.2341311475415
9.970806941215713,-12.956965183875187,2.091678335721039e-13,5.951572749300664,45.28409836065625
10.018138082759215,-12.973262602877137,4.615521616839067e-13,5.951572749300664,45.33406557377101
10.06546922430272,-12.989560021879086,-6.707199952559352e-13,5.951572749300664,45.38403278688576
10.112800365846226,-13.005857440881037,0.0,5.951572749300664,45.434000000000516
10.160131507389732,-13.022154859882988,2.091678335721039e-13,5.951572749300664,45.48396721311527
10.207462648933234,-13.038452278884938,4.615521616839067e-13,5.951572749300664,45.533934426230026
10.25479379047674,-13.054749697886887,-6.707199952559352e-13,5.951572749300664,45.58390163934478
10.302124932020245,-13.071047116888838,2.091678335721039e-13,5.951572749300664,45.633868852459536
10.349456073563747,-13.087344535890788,-2.091678335721039e-13,5.951572749300664,45.68383606557429
10.396787215107253,-13.103641954892739,6.707199952559352e-13,5.951572749300664,45.733803278689045
10.444118356650758,-13.119939373894688,-1.1322721569399014e-12,5.951572749300664,45.7837704918038
10.49144949819426,-13.13623679289664,1.1322721569399014e-12,5.951572749300664,45.833737704918555
10.538780639737766,-13.152534211898589,-6.707199952559352e-13,5.951572749300664,45.88370491803331
10.586111781281272,-13.16883163090054,2.091678335721039e-13,5.951572749300664,45.933672131148064
10.633442922824774,-13.18512904990249,-2.091678335721039e-13,5.951572749300664,45.98363934426282
10.68077406436828,-13.20142646890444,6.707199952559352e-13,5.951572749300664,46.033606557377574
10.728105205911785,-13.21772388790639,-1.1322721569399014e-12,5.951572749300664,46.08357377049233
10.775436347455287,-13.23402130690834,1.1322721569399014e-12,5.951572749300664,46.133540983607084
10.822767488998792,-13.25031872591029,-6.707199952559352e-13,5.951572749300664,46.18350819672184
10.870098630542298,-13.266616144912241,2.091678335721039e-13,5.951572749300664,46.23347540983659
10.9174297720858,-13.28291356391419,-2.091678335721039e-13,5.951572749300664,46.28344262295135
10.964760913629306,-13.299210982916142,6.707199952559352e-13,5.951572749300664,46.3334098360661
11.012092055172811,-13.315508401918091,-6.707199952559352e-13,5.951572749300664,46.38337704918086
11.059423196716317,-13.331805820920042,2.091678335721039e-13,5.951572749300664,46.43334426229561
11.106754338259819,-13.348103239921992,-2.091678335721039e-13,5.951572749300664,46.48331147541037
11.154085479803324,-13.364400658923943,6.707199952559352e-13,5.951572749300664,46.53327868852512
11.20141662134683,-13.380698077925892,-1.1322721569399014e-12,5.951572749300664,46.58324590163988
11.248747762890332,-13.396995496927843,1.1322721569399014e-12,5.951572749300664,46.63321311475463
11.296078904433838,-13.413292915929793,0.0,5.951572749300664,46.68318032786939
11.343410045977343,-13.429590334931742,-1.1322721569399014e-12,5.951572749300664,46.73314754098414
11.390741187520845,-13.445887753933693,1.1322721569399014e-12,5.951572749300664,46.7831147540989
11.438072329064351,-13.462185172935643,-6.707199952559352e-13,5.951572749300664,46.83308196721365
11.485403470607856,-13.478482591937594,2.091678335721039e-13,5.951572749300664,46.883049180328406
11.532734612151359,-13.494780010939543,-2.091678335721039e-13,5.951572749300664,46.93301639344316
11.580065753694864,-13.511077429941494,6.707199952559352e-13,5.951572749300664,46.982983606557916
11.62739689523837,-13.527374848943444,-6.707199952559352e-13,5.951572749300664,47.03295081967267
11.674728036781875,-13.543672267945395,2.091678335721039e-13,5.951572749300664,47.082918032787425
11.722059178325377,-13.559969686947344,-2.091678335721039e-13,5.951572749300664,47.13288524590218
11.769390319868883,-13.576267105949295,6.707199952559352e-13,5.951572749300664,47.182852459016935
11.816721461412389,-13.592564524951245,-1.1322721569399014e-12,5.951572749300664,47.23281967213169
11.86405260295589,-13.608861943953196,1.1322721569399014e-12,5.951572749300664,47.282786885246445
11.911383744499396,-13.625159362955145,-6.707199952559352e-13,5.951572749300664,47.3327540983612
11.958714886042902,-13.641456781957096,2.091678335721039e-13,5.951572749300664,47.382721311475954
12.006046027586404,-13.657754200959046,-2.091678335721039e-13,5.951572749300664,47.43268852459071
12.05337716912991,-13.674051619960997,6.707199952559352e-13,5.951572749300664,47.482655737705464
12.100708310673415,-13.690349038962946,-1.1322721569399014e-12,5.951572749300664,47.53262295082022
12.148039452216917,-13.706646457964897,1.1322721569399014e-12,5.951572749300664,47.582590163934974
12.195370593760423,-13.722943876966847,-6.707199952559352e-13,5.951572749300664,47.63255737704973
12.242701735303928,-13.739241295968798,2.091678335721039e-13,5.951572749300664,47.68252459016448
12.29003287684743,-13.755538714970747,-2.091678335721039e-13,5.951572749300664,47.73249180327924
12.337364018390936,-13.771836133972698,6.707199952559352e-13,5.951572749300664,47.78245901639399
12.384695159934441,-13.788133552974648,-1.1322721569399014e-12,5.951572749300664,47.83242622950875
12.432026301477944,-13.804430971976599,1.1322721569399014e-12,5.951572749300664,47.8823934426235
12.47935744302145,-13.820728390978548,-6.707199952559352e-13,5.951572749300664,47.93236065573826
12.526688584564955,-13.8370258099805,6.707199952559352e-13,5.951572749300664,47.98232786885301
12.57401972610846,-13.853323228982449,-1.1322721569399014e-12,5.951572749300664,48.03229508196777
12.621350867651962,-13.8696206479844,1.1322721569399014e-12,5.951572749300664,48.08226229508252
12.668682009195468,-13.88591806698635,-6.707199952559352e-13,5.951572749300664,48.13222950819728
12.716013150738974,-13.9022154859883,2.091678335721039e-13,5.951572749300664,48.18219672131203
12.763344292282476,-13.91851290499025,-2.091678335721039e-13,5.951572749300664,48.23216393442679
12.810675433825981,-13.9348103239922,6.707199952559352e-13,5.951572749300664,48.28213114754154
12.858006575369487,-13.95110774299415,-4.615521616839067e-13,5.951572749300664,48.332098360656296
12.905337716912989,-13.9674051619961,-2.091678335721039e-13,5.951572749300664,48.38206557377105
12.952668858456494,-13.98370258099805,6.707199952559352e-13,5.951572749300664,48.432032786885806
13.0,-14.0,6.707199952559352e-13,5.951572749300664,48.48200000000056
