100.0,0.0,0.0,3.1415927410125732,1.010101318359375
98.9899,0.0,0.0,3.1415927410125732,2.02020263671875
97.9798,0.0,0.0,3.1415927410125732,3.030303955078125
96.969696,0.0,0.0,3.1415927410125732,4.0404052734375
95.959595,0.0,0.0,3.1415927410125732,5.050506591796875
94.94949,0.0,0.0,3.1415927410125732,6.06060791015625
93.93939,0.0,0.0,3.1415927410125732,7.070709228515625
92.92929,0.0,0.0,3.1415927410125732,8.080810546875
91.91919,0.0,0.0,3.1415927410125732,9.090911865234375
90.90909,0.0,0.0,3.1415927410125732,10.10101318359375
89.89899,0.0,0.0,3.1415927410125732,11.111114501953125
88.888885,0.0,0.0,3.1415927410125732,12.1212158203125
87.878784,0.0,0.0,3.1415927410125732,13.131309509277344
86.86869,0.0,0.0,3.1415927410125732,14.141410827636719
85.85859,0.0,0.0,3.1415927410125732,15.151512145996094
84.84849,0.0,0.0,3.1415927410125732,16.16161346435547
83.83839,0.0,0.0,3.1415927410125732,17.171714782714844
82.828285,0.0,0.0,3.1415927410125732,18.18181610107422
81.818184,0.0,0.0,3.1415927410125732,19.191917419433594
80.80808,0.0,0.0,3.1415927410125732,20.20201873779297
79.79798,0.0,0.0,3.1415927410125732,21.212120056152344
78.78788,0.0,0.0,3.1415927410125732,22.22222137451172
77.77778,0.0,0.0,3.1415927410125732,23.232322692871094
76.76768,0.0,0.0,3.1415927410125732,24.24242401123047
75.757576,0.0,0.0,3.1415927410125732,25.252525329589844
74.747475,0.0,0.0,3.1415927410125732,26.26262664794922
73.73737,0.0,0.0,3.1415927410125732,27.272727966308594
72.72727,0.0,0.0,3.1415927410125732,28.28282928466797
71.71717,0.0,0.0,3.1415927410125732,29.292930603027344
70.70707,0.0,0.0,3.1415927410125732,30.30303192138672
69.69697,0.0,0.0,3.1415927410125732,31.313133239746094
68.68687,0.0,0.0,3.1415927410125732,32.32323455810547
67.676765,0.0,0.0,3.1415927410125732,33.333335876464844
66.666664,0.0,0.0,3.1415927410125732,34.34343719482422
65.65656,0.0,0.0,3.1415927410125732,35.353538513183594
64.64646,0.0,0.0,3.1415927410125732,36.3636360168457
63.636364,0.0,0.0,3.1415927410125732,37.37373733520508
62.626263,0.0,0.0,3.1415927410125732,38.38383865356445
61.61616,0.0,0.0,3.1415927410125732,39.39393997192383
60.60606,0.0,0.0,3.1415927410125732,40.4040412902832
59.59596,0.0,0.0,3.1415927410125732,41.41414260864258
58.585857,0.0,0.0,3.1415927410125732,42.42424392700195
57.575756,0.0,0.0,3.1415927410125732,43.43434524536133
56.565655,0.0,0.0,3.1415927410125732,44.44444274902344
55.555557,0.0,0.0,3.1415927410125732,45.45454406738281
54.545456,0.0,0.0,3.1415927410125732,46.46464538574219
53.535355,0.0,0.0,3.1415927410125732,47.47474670410156
52.525253,0.0,0.0,3.1415927410125732,48.48484802246094
51.515152,0.0,0.0,3.1415927410125732,49.49494934082031
50.50505,0.0,0.0,3.1415927410125732,50.50505065917969
49.49495,0.0,0.0,3.1415927410125732,51.51515197753906
48.484848,0.0,0.0,3.1415927410125732,52.52525329589844
47.474747,0.0,0.0,3.1415927410125732,53.53535461425781
46.464645,0.0,0.0,3.1415927410125732,54.54545593261719
45.454544,0.0,0.0,3.1415927410125732,55.55555725097656
44.444443,0.0,0.0,3.1415927410125732,56.56565475463867
43.434345,0.0,0.0,3.1415927410125732,57.57575607299805
42.424244,0.0,0.0,3.1415927410125732,58.58585739135742
41.414143,0.0,0.0,3.1415927410125732,59.5959587097168
40.40404,0.0,0.0,3.1415927410125732,60.60606002807617
39.39394,0.0,0.0,3.1415927410125732,61.61616134643555
38.38384,0.0,0.0,3.1415927410125732,62.62626266479492
37.373737,0.0,0.0,3.1415927410125732,63.6363639831543
36.363636,0.0,0.0,3.1415927410125732,64.64646530151367
35.353535,0.0,0.0,3.1415927410125732,65.65656661987305
34.343433,0.0,0.0,3.1415927410125732,66.66666793823242
33.333332,0.0,0.0,3.1415927410125732,67.6767692565918
32.32323,0.0,0.0,3.1415927410125732,68.68686866760254
31.313131,0.0,0.0,3.1415927410125732,69.69696998596191
30.30303,0.0,0.0,3.1415927410125732,70.70707130432129
29.292929,0.0,0.0,3.1415927410125732,71.71717262268066
28.282827,0.0,0.0,3.1415927410125732,72.7272720336914
27.272728,0.0,0.0,3.1415927410125732,73.73737335205078
26.262627,0.0,0.0,3.1415927410125732,74.74747467041016
25.252525,0.0,0.0,3.1415927410125732,75.75757598876953
24.242424,0.0,0.0,3.1415927410125732,76.7676773071289
23.232323,0.0,0.0,3.1415927410125732,77.77777862548828
22.222221,0.0,0.0,3.1415927410125732,78.78787803649902
21.212122,0.0,0.0,3.1415927410125732,79.7979793548584
20.20202,0.0,0.0,3.1415927410125732,80.80808067321777
19.19192,0.0,0.0,3.1415927410125732,81.81818199157715
18.181818,0.0,0.0,3.1415927410125732,82.82828330993652
17.171717,0.0,0.0,3.1415927410125732,83.8383846282959
16.161615,0.0,0.0,3.1415927410125732,84.84848499298096
15.151515,0.0,0.0,3.1415927410125732,85.85858631134033
14.141414,0.0,0.0,3.1415927410125732,86.86868667602539
13.131313,0.0,0.0,3.1415927410125732,87.87878799438477
12.121212,0.0,0.0,3.1415927410125732,88.88888931274414
11.111111,0.0,0.0,3.1415927410125732,89.8989896774292
10.10101,0.0,0.0,3.1415927410125732,90.90909099578857
9.090909,0.0,0.0,3.1415927410125732,91.91919231414795
8.080808,0.0,0.0,3.1415927410125732,92.92929315567017
7.070707,0.0,0.0,3.1415927410125732,93.93939399719238
6.060606,0.0,0.0,3.1415927410125732,94.9494948387146
5.050505,0.0,0.0,3.1415927410125732,95.95959615707397
4.040404,0.0,0.0,3.1415927410125732,96.96969699859619
3.030303,0.0,0.0,3.1415927410125732,97.97979807853699
2.020202,0.0,0.0,3.1415927410125732,98.9898990392685
1.010101,0.0,0.0,3.1415927410125732,100.0
0.0,0.0,0.0,3.1415927410125732,100.0
